  -2.2052233e-01   0.0000000e+00
  -2.2052233e-01   0.0000000e+00
  -2.2052233e-01   0.0000000e+00
  -2.2052233e-01   5.2628903e-03
  -2.2052233e-01   1.8417930e-02
  -2.2052233e-01   3.6262052e-02
  -2.2052233e-01   5.6482137e-02
  -2.2052233e-01   7.7482725e-02
  -2.2052233e-01   9.8212752e-02
  -2.2052233e-01   1.1801679e-01
  -2.2052233e-01   1.3651753e-01
  -2.2052233e-01   1.5352750e-01
  -2.2052233e-01   1.6898508e-01
  -2.2052233e-01   1.8290927e-01
  -2.2052233e-01   1.9536832e-01
  -2.2052233e-01   2.0645842e-01
  -2.2052233e-01   2.1628949e-01
  -2.2052233e-01   2.2497589e-01
  -2.2052233e-01   2.3263055e-01
  -2.2052233e-01   2.3936136e-01
  -2.2052233e-01   2.4526918e-01
  -2.2052233e-01   2.5044686e-01
  -2.2052233e-01   2.5497887e-01
  -2.2052233e-01   2.5894144e-01
  -2.2052233e-01   2.6240288e-01
  -2.2052233e-01   2.6542415e-01
  -2.2052233e-01   2.6805935e-01
  -2.2052233e-01   2.7035641e-01
  -2.2052233e-01   2.7235761e-01
  -2.2052233e-01   2.7410022e-01
  -2.2052233e-01   2.7561700e-01
  -2.2052233e-01   2.7693670e-01
  -2.2052233e-01   2.7808453e-01
  -2.2052233e-01   2.7908257e-01
  -2.2052233e-01   2.7995011e-01
  -2.2052233e-01   2.8070403e-01
  -2.2052233e-01   2.8135906e-01
  -2.2052233e-01   2.8192805e-01
  -2.2052233e-01   2.8242221e-01
  -2.2052233e-01   2.8285130e-01
  -2.2052233e-01   2.8322384e-01
  -2.2052233e-01   2.8354723e-01
  -2.2052233e-01   2.8382793e-01
  -2.2052233e-01   2.8407154e-01
  -2.2052233e-01   2.8428293e-01
  -2.2052233e-01   2.8446635e-01
  -2.2052233e-01   2.8462550e-01
  -2.2052233e-01   2.8476356e-01
  -2.2052233e-01   2.8488333e-01
  -2.2052233e-01   2.8498722e-01
  -1.9217571e-01   2.8507733e-01
  -1.9217571e-01   2.8515548e-01
  -1.9217571e-01   2.8522326e-01
  -1.9217571e-01   2.8486269e-01
  -1.9217571e-01   2.8385468e-01
  -1.9217571e-01   2.8243708e-01
  -1.9217571e-01   2.8078232e-01
  -1.9217571e-01   2.7901401e-01
  -1.9217571e-01   2.7721936e-01
  -1.9217571e-01   2.7545839e-01
  -1.9217571e-01   2.7377098e-01
  -1.9217571e-01   2.7218217e-01
  -1.9217571e-01   2.7070620e-01
  -1.9217571e-01   2.6934948e-01
  -1.9217571e-01   2.6811297e-01
  -1.9217571e-01   2.6699386e-01
  -1.9217571e-01   2.6598684e-01
  -1.9217571e-01   2.6508507e-01
  -1.9217571e-01   2.6428088e-01
  -1.9217571e-01   2.6356620e-01
  -1.9217571e-01   2.6293298e-01
  -1.9217571e-01   2.6237339e-01
  -1.9217571e-01   2.6187999e-01
  -1.9217571e-01   2.6144580e-01
  -1.9217571e-01   2.6106436e-01
  -1.9217571e-01   2.6072977e-01
  -1.9217571e-01   2.6043666e-01
  -1.9217571e-01   2.6018019e-01
  -1.9217571e-01   2.5995600e-01
  -1.9217571e-01   2.5976022e-01
  -1.9217571e-01   2.5958937e-01
  -1.9217571e-01   2.5944040e-01
  -1.9217571e-01   2.5931057e-01
  -1.9217571e-01   2.5919750e-01
  -1.9217571e-01   2.5909907e-01
  -1.9217571e-01   2.5901342e-01
  -1.9217571e-01   2.5893892e-01
  -1.9217571e-01   2.5887414e-01
  -1.9217571e-01   2.5881784e-01
  -1.9217571e-01   2.5876891e-01
  -1.9217571e-01   2.5872641e-01
  -1.9217571e-01   2.5868949e-01
  -1.9217571e-01   2.5865743e-01
  -1.9217571e-01   2.5862959e-01
  -1.9217571e-01   2.5860543e-01
  -1.9217571e-01   2.5858446e-01
  -1.9217571e-01   2.5856626e-01
  -1.9217571e-01   2.5855046e-01
  -1.9217571e-01   2.5853676e-01
  -1.9217571e-01   2.5852487e-01
  -7.3605341e-01   2.5851456e-01
  -7.3605341e-01   2.5850561e-01
  -7.3605341e-01   2.5849785e-01
  -7.3605341e-01   2.6266422e-01
  -7.3605341e-01   2.7308278e-01
  -7.3605341e-01   2.8720248e-01
  -7.3605341e-01   3.0318174e-01
  -7.3605341e-01   3.1975350e-01
  -7.3605341e-01   3.3608661e-01
  -7.3605341e-01   3.5166616e-01
  -7.3605341e-01   3.6619875e-01
  -7.3605341e-01   3.7954141e-01
  -7.3605341e-01   3.9165037e-01
  -7.3605341e-01   4.0254483e-01
  -7.3605341e-01   4.1228209e-01
  -7.3605341e-01   4.2094070e-01
  -7.3605341e-01   4.2860934e-01
  -7.3605341e-01   4.3537955e-01
  -7.3605341e-01   4.4134127e-01
  -7.3605341e-01   4.4658007e-01
  -7.3605341e-01   4.5117568e-01
  -7.3605341e-01   4.5520126e-01
  -7.3605341e-01   4.5872327e-01
  -7.3605341e-01   4.6180153e-01
  -7.3605341e-01   4.6448957e-01
  -7.3605341e-01   4.6683506e-01
  -7.3605341e-01   4.6888030e-01
  -7.3605341e-01   4.7066268e-01
  -7.3605341e-01   4.7221518e-01
  -7.3605341e-01   4.7356682e-01
  -7.3605341e-01   4.7474312e-01
  -7.3605341e-01   4.7576644e-01
  -7.3605341e-01   4.7665639e-01
  -7.3605341e-01   4.7743011e-01
  -7.3605341e-01   4.7810261e-01
  -7.3605341e-01   4.7868699e-01
  -7.3605341e-01   4.7919468e-01
  -7.3605341e-01   4.7963566e-01
  -7.3605341e-01   4.8001862e-01
  -7.3605341e-01   4.8035115e-01
  -7.3605341e-01   4.8063984e-01
  -7.3605341e-01   4.8089043e-01
  -7.3605341e-01   4.8110793e-01
  -7.3605341e-01   4.8129669e-01
  -7.3605341e-01   4.8146048e-01
  -7.3605341e-01   4.8160260e-01
  -7.3605341e-01   4.8172591e-01
  -7.3605341e-01   4.8183288e-01
  -7.3605341e-01   4.8192567e-01
  -7.3605341e-01   4.8200616e-01
   9.1226908e-01   4.8207598e-01
   9.1226908e-01   4.8213653e-01
   9.1226908e-01   4.8218904e-01
   9.1226908e-01   4.7123096e-01
   9.1226908e-01   4.4246184e-01
   9.1226908e-01   4.0021001e-01
   9.1226908e-01   3.4735941e-01
   9.1226908e-01   2.8614328e-01
   9.1226908e-01   2.1850051e-01
   9.1226908e-01   1.4622075e-01
   9.1226908e-01   7.0984095e-02
   9.1226908e-01  -5.6489944e-03
   9.1226908e-01  -8.2266335e-02
   9.1226908e-01  -1.5763353e-01
   9.1226908e-01  -2.3071509e-01
   9.1226908e-01  -3.0068359e-01
   9.1226908e-01  -3.6691672e-01
   9.1226908e-01  -4.2898430e-01
   9.1226908e-01  -4.8662806e-01
   9.1226908e-01  -5.3973715e-01
   9.1226908e-01  -5.8832207e-01
   9.1226908e-01  -6.3248898e-01
   9.1226908e-01  -6.7241593e-01
   9.1226908e-01  -7.0833185e-01
   9.1226908e-01  -7.4049861e-01
   9.1226908e-01  -7.6919637e-01
   9.1226908e-01  -7.9471195e-01
   9.1226908e-01  -8.1732996e-01
   9.1226908e-01  -8.3732624e-01
   9.1226908e-01  -8.5496330e-01
   9.1226908e-01  -8.7048743e-01
   9.1226908e-01  -8.8412694e-01
   9.1226908e-01  -8.9609146e-01
   9.1226908e-01  -9.0657190e-01
   9.1226908e-01  -9.1574098e-01
   9.1226908e-01  -9.2375402e-01
   9.1226908e-01  -9.3075007e-01
   9.1226908e-01  -9.3685302e-01
   9.1226908e-01  -9.4217293e-01
   9.1226908e-01  -9.4680724e-01
   9.1226908e-01  -9.5084197e-01
   9.1226908e-01  -9.5435292e-01
   9.1226908e-01  -9.5740671e-01
   9.1226908e-01  -9.6006183e-01
   9.1226908e-01  -9.6236953e-01
   9.1226908e-01  -9.6437465e-01
   9.1226908e-01  -9.6611640e-01
   9.1226908e-01  -9.6762901e-01
   9.1226908e-01  -9.6894235e-01
   9.1226908e-01  -9.7008247e-01
  -8.8044091e-01  -9.7107204e-01
  -8.8044091e-01  -9.7193084e-01
  -8.8044091e-01  -9.7267603e-01
  -8.8044091e-01  -9.3164777e-01
  -8.8044091e-01  -8.3089572e-01
  -8.8044091e-01  -7.0035821e-01
  -8.8044091e-01  -5.6092593e-01
  -8.8044091e-01  -4.2534210e-01
  -8.8044091e-01  -3.0035450e-01
  -8.8044091e-01  -1.8880861e-01
  -8.8044091e-01  -9.1243658e-02
  -8.8044091e-01  -6.9654789e-03
  -8.8044091e-01   6.5290496e-02
  -8.8044091e-01   1.2697736e-01
  -8.8044091e-01   1.7953252e-01
  -8.8044091e-01   2.2427946e-01
  -8.8044091e-01   2.6238938e-01
  -8.8044091e-01   2.9487488e-01
  -8.8044091e-01   3.2259941e-01
  -8.8044091e-01   3.4629330e-01
  -8.8044091e-01   3.6657166e-01
  -8.8044091e-01   3.8395158e-01
  -8.8044091e-01   3.9886766e-01
  -8.8044091e-01   4.1168552e-01
  -8.8044091e-01   4.2271324e-01
  -8.8044091e-01   4.3221089e-01
  -8.8044091e-01   4.4039854e-01
  -8.8044091e-01   4.4746284e-01
  -8.8044091e-01   4.5356243e-01
  -8.8044091e-01   4.5883247e-01
  -8.8044091e-01   4.6338835e-01
  -8.8044091e-01   4.6732876e-01
  -8.8044091e-01   4.7073827e-01
  -8.8044091e-01   4.7368947e-01
  -8.8044091e-01   4.7624473e-01
  -8.8044091e-01   4.7845773e-01
  -8.8044091e-01   4.8037475e-01
  -8.8044091e-01   4.8203565e-01
  -8.8044091e-01   4.8347488e-01
  -8.8044091e-01   4.8472218e-01
  -8.8044091e-01   4.8580324e-01
  -8.8044091e-01   4.8674030e-01
  -8.8044091e-01   4.8755260e-01
  -8.8044091e-01   4.8825678e-01
  -8.8044091e-01   4.8886726e-01
  -8.8044091e-01   4.8939652e-01
  -8.8044091e-01   4.8985539e-01
  -8.8044091e-01   4.9025322e-01
  -8.8044091e-01   4.9059814e-01
  -8.8044091e-01   4.9089720e-01
  -2.9368286e-01   4.9115648e-01
  -2.9368286e-01   4.9138129e-01
  -2.9368286e-01   4.9157619e-01
  -2.9368286e-01   4.8969212e-01
  -2.9368286e-01   4.8462410e-01
  -2.9368286e-01   4.7748043e-01
  -2.9368286e-01   4.6906219e-01
  -2.9368286e-01   4.5995461e-01
  -2.9368286e-01   4.5058546e-01
  -2.9368286e-01   4.4126447e-01
  -2.9368286e-01   4.3221129e-01
  -2.9368286e-01   4.2357634e-01
  -2.9368286e-01   4.1545681e-01
  -2.9368286e-01   4.0790920e-01
  -2.9368286e-01   4.0095933e-01
  -2.9368286e-01   3.9461034e-01
  -2.9368286e-01   3.8884900e-01
  -2.9368286e-01   3.8365074e-01
  -2.9368286e-01   3.7898352e-01
  -2.9368286e-01   3.7481086e-01
  -2.9368286e-01   3.7109409e-01
  -2.9368286e-01   3.6779401e-01
  -2.9368286e-01   3.6487213e-01
  -2.9368286e-01   3.6229145e-01
  -2.9368286e-01   3.6001703e-01
  -2.9368286e-01   3.5801632e-01
  -2.9368286e-01   3.5625933e-01
  -2.9368286e-01   3.5471862e-01
  -2.9368286e-01   3.5336932e-01
  -2.9368286e-01   3.5218901e-01
  -2.9368286e-01   3.5115756e-01
  -2.9368286e-01   3.5025701e-01
  -2.9368286e-01   3.4947136e-01
  -2.9368286e-01   3.4878645e-01
  -2.9368286e-01   3.4818971e-01
  -2.9368286e-01   3.4767010e-01
  -2.9368286e-01   3.4721786e-01
  -2.9368286e-01   3.4682442e-01
  -2.9368286e-01   3.4648228e-01
  -2.9368286e-01   3.4618485e-01
  -2.9368286e-01   3.4592636e-01
  -2.9368286e-01   3.4570178e-01
  -2.9368286e-01   3.4550670e-01
  -2.9368286e-01   3.4533730e-01
  -2.9368286e-01   3.4519020e-01
  -2.9368286e-01   3.4506251e-01
  -2.9368286e-01   3.4495168e-01
  -2.9368286e-01   3.4485549e-01
  -2.9368286e-01   3.4477202e-01
  -2.9368286e-01   3.4469959e-01
  -9.6919312e-01   3.4463676e-01
  -9.6919312e-01   3.4458225e-01
  -9.6919312e-01   3.4453497e-01
  -9.6919312e-01   3.4720460e-01
  -9.6919312e-01   3.5395854e-01
  -9.6919312e-01   3.6316933e-01
  -9.6919312e-01   3.7365997e-01
  -9.6919312e-01   3.8461214e-01
  -9.6919312e-01   3.9547927e-01
  -9.6919312e-01   4.0591351e-01
  -9.6919312e-01   4.1570823e-01
  -9.6919312e-01   4.2475467e-01
  -9.6919312e-01   4.3301024e-01
  -9.6919312e-01   4.4047573e-01
  -9.6919312e-01   4.4717931e-01
  -9.6919312e-01   4.5316544e-01
  -9.6919312e-01   4.5848725e-01
  -9.6919312e-01   4.6320155e-01
  -9.6919312e-01   4.6736545e-01
  -9.6919312e-01   4.7103428e-01
  -9.6919312e-01   4.7426035e-01
  -9.6919312e-01   4.7709223e-01
  -9.6919312e-01   4.7957447e-01
  -9.6919312e-01   4.8174750e-01
  -9.6919312e-01   4.8364780e-01
  -9.6919312e-01   4.8530802e-01
  -9.6919312e-01   4.8675732e-01
  -9.6919312e-01   4.8802156e-01
  -9.6919312e-01   4.8912369e-01
  -9.6919312e-01   4.9008393e-01
  -9.6919312e-01   4.9092014e-01
  -9.6919312e-01   4.9164801e-01
  -9.6919312e-01   4.9228133e-01
  -9.6919312e-01   4.9283217e-01
  -9.6919312e-01   4.9331112e-01
  -9.6919312e-01   4.9372745e-01
  -9.6919312e-01   4.9408925e-01
  -9.6919312e-01   4.9440358e-01
  -9.6919312e-01   4.9467661e-01
  -9.6919312e-01   4.9491373e-01
  -9.6919312e-01   4.9511963e-01
  -9.6919312e-01   4.9529838e-01
  -9.6919312e-01   4.9545354e-01
  -9.6919312e-01   4.9558821e-01
  -9.6919312e-01   4.9570508e-01
  -9.6919312e-01   4.9580650e-01
  -9.6919312e-01   4.9589449e-01
  -9.6919312e-01   4.9597083e-01
  -9.6919312e-01   4.9603706e-01
  -9.6919312e-01   4.9609451e-01
  -6.6201994e-01   4.9614434e-01
  -6.6201994e-01   4.9618756e-01
  -6.6201994e-01   4.9622505e-01
  -6.6201994e-01   4.9591021e-01
  -6.6201994e-01   4.9506107e-01
  -6.6201994e-01   4.9387408e-01
  -6.6201994e-01   4.9249159e-01
  -6.6201994e-01   4.9101571e-01
  -6.6201994e-01   4.8951851e-01
  -6.6201994e-01   4.8804966e-01
  -6.6201994e-01   4.8664218e-01
  -6.6201994e-01   4.8531686e-01
  -6.6201994e-01   4.8408550e-01
  -6.6201994e-01   4.8295347e-01
  -6.6201994e-01   4.8192159e-01
  -6.6201994e-01   4.8098753e-01
  -6.6201994e-01   4.8014691e-01
  -6.6201994e-01   4.7939405e-01
  -6.6201994e-01   4.7872255e-01
  -6.6201994e-01   4.7812574e-01
  -6.6201994e-01   4.7759690e-01
  -6.6201994e-01   4.7712951e-01
  -6.6201994e-01   4.7671736e-01
  -6.6201994e-01   4.7635464e-01
  -6.6201994e-01   4.7603598e-01
  -6.6201994e-01   4.7575644e-01
  -6.6201994e-01   4.7551154e-01
  -6.6201994e-01   4.7529724e-01
  -6.6201994e-01   4.7510992e-01
  -6.6201994e-01   4.7494632e-01
  -6.6201994e-01   4.7480355e-01
  -6.6201994e-01   4.7467906e-01
  -6.6201994e-01   4.7457057e-01
  -6.6201994e-01   4.7447607e-01
  -6.6201994e-01   4.7439381e-01
  -6.6201994e-01   4.7432223e-01
  -6.6201994e-01   4.7425997e-01
  -6.6201994e-01   4.7420584e-01
  -6.6201994e-01   4.7415878e-01
  -6.6201994e-01   4.7411789e-01
  -6.6201994e-01   4.7408237e-01
  -6.6201994e-01   4.7405151e-01
  -6.6201994e-01   4.7402472e-01
  -6.6201994e-01   4.7400146e-01
  -6.6201994e-01   4.7398126e-01
  -6.6201994e-01   4.7396374e-01
  -6.6201994e-01   4.7394852e-01
  -6.6201994e-01   4.7393532e-01
  -6.6201994e-01   4.7392387e-01
  -6.6201994e-01   4.7391393e-01
   4.6344477e-01   4.7390531e-01
   4.6344477e-01   4.7389784e-01
   4.6344477e-01   4.7389135e-01
   4.6344477e-01   4.6386631e-01
   4.6344477e-01   4.3772682e-01
   4.6344477e-01   3.9960630e-01
   4.6344477e-01   3.5231808e-01
   4.6344477e-01   2.9803842e-01
   4.6344477e-01   2.3861648e-01
   4.6344477e-01   1.7570431e-01
   4.6344477e-01   1.1079877e-01
   4.6344477e-01   4.5242882e-02
   4.6344477e-01  -1.9787099e-02
   4.6344477e-01  -8.3294977e-02
   4.6344477e-01  -1.4447148e-01
   4.6344477e-01  -2.0269247e-01
   4.6344477e-01  -2.5750883e-01
   4.6344477e-01  -3.0862998e-01
   4.6344477e-01  -3.5590314e-01
   4.6344477e-01  -3.9929072e-01
   4.6344477e-01  -4.3884753e-01
   4.6344477e-01  -4.7469935e-01
   4.6344477e-01  -5.0702363e-01
   4.6344477e-01  -5.3603285e-01
   4.6344477e-01  -5.6196063e-01
   4.6344477e-01  -5.8505067e-01
   4.6344477e-01  -6.0554800e-01
   4.6344477e-01  -6.2369258e-01
   4.6344477e-01  -6.3971460e-01
   4.6344477e-01  -6.5383142e-01
   4.6344477e-01  -6.6624561e-01
   4.6344477e-01  -6.7714398e-01
   4.6344477e-01  -6.8669730e-01
   4.6344477e-01  -6.9506053e-01
   4.6344477e-01  -7.0237344e-01
   4.6344477e-01  -7.0876138e-01
   4.6344477e-01  -7.1433634e-01
   4.6344477e-01  -7.1919793e-01
   4.6344477e-01  -7.2343446e-01
   4.6344477e-01  -7.2712403e-01
   4.6344477e-01  -7.3033552e-01
   4.6344477e-01  -7.3312954e-01
   4.6344477e-01  -7.3555934e-01
   4.6344477e-01  -7.3767161e-01
   4.6344477e-01  -7.3950725e-01
   4.6344477e-01  -7.4110202e-01
   4.6344477e-01  -7.4248719e-01
   4.6344477e-01  -7.4369003e-01
   4.6344477e-01  -7.4473433e-01
   4.6344477e-01  -7.4564083e-01
  -9.8152587e-02  -7.4642759e-01
  -9.8152587e-02  -7.4711035e-01
  -9.8152587e-02  -7.4770276e-01
  -9.8152587e-02  -7.2856209e-01
  -9.8152587e-02  -6.8038004e-01
  -9.8152587e-02  -6.1596365e-01
  -9.8152587e-02  -5.4448426e-01
  -9.8152587e-02  -4.7200705e-01
  -9.8152587e-02  -4.0224396e-01
  -9.8152587e-02  -3.3725602e-01
  -9.8152587e-02  -2.7801112e-01
  -9.8152587e-02  -2.2478949e-01
  -9.8152587e-02  -1.7746209e-01
  -9.8152587e-02  -1.3567389e-01
  -9.8152587e-02  -9.8960176e-02
  -9.8152587e-02  -6.6817856e-02
  -9.8152587e-02  -3.8747241e-02
  -9.8152587e-02  -1.4275111e-02
  -9.8152587e-02   7.0338770e-03
  -9.8152587e-02   2.5572810e-02
  -9.8152587e-02   4.1692244e-02
  -9.8152587e-02   5.5702184e-02
  -9.8152587e-02   6.7875200e-02
  -9.8152587e-02   7.8450007e-02
  -9.8152587e-02   8.7635097e-02
  -9.8152587e-02   9.5612235e-02
  -9.8152587e-02   1.0253969e-01
  -9.8152587e-02   1.0855514e-01
  -9.8152587e-02   1.1377833e-01
  -9.8152587e-02   1.1831332e-01
  -9.8152587e-02   1.2225054e-01
  -9.8152587e-02   1.2566859e-01
  -9.8152587e-02   1.2863574e-01
  -9.8152587e-02   1.3121132e-01
  -9.8152587e-02   1.3344685e-01
  -9.8152587e-02   1.3538711e-01
  -9.8152587e-02   1.3707100e-01
  -9.8152587e-02   1.3853229e-01
  -9.8152587e-02   1.3980033e-01
  -9.8152587e-02   1.4090061e-01
  -9.8152587e-02   1.4185527e-01
  -9.8152587e-02   1.4268353e-01
  -9.8152587e-02   1.4340209e-01
  -9.8152587e-02   1.4402545e-01
  -9.8152587e-02   1.4456618e-01
  -9.8152587e-02   1.4503523e-01
  -9.8152587e-02   1.4544206e-01
  -9.8152587e-02   1.4579493e-01
  -9.8152587e-02   1.4610098e-01
  -9.8152587e-02   1.4636640e-01
  -4.0735839e-01   1.4659658e-01
  -4.0735839e-01   1.4679621e-01
  -4.0735839e-01   1.4696931e-01
  -4.0735839e-01   1.5196225e-01
  -4.0735839e-01   1.6418598e-01
  -4.0735839e-01   1.8067921e-01
  -4.0735839e-01   1.9930608e-01
  -4.0735839e-01   2.1859881e-01
  -4.0735839e-01   2.3759620e-01
  -4.0735839e-01   2.5570416e-01
  -4.0735839e-01   2.7258538e-01
  -4.0735839e-01   2.8807684e-01
  -4.0735839e-01   3.0213007e-01
  -4.0735839e-01   3.1476928e-01
  -4.0735839e-01   3.2606246e-01
  -4.0735839e-01   3.3610193e-01
  -4.0735839e-01   3.4499145e-01
  -4.0735839e-01   3.5283791e-01
  -4.0735839e-01   3.5974610e-01
  -4.0735839e-01   3.6581565e-01
  -4.0735839e-01   3.7113927e-01
  -4.0735839e-01   3.7580202e-01
  -4.0735839e-01   3.7988105e-01
  -4.0735839e-01   3.8344581e-01
  -4.0735839e-01   3.8655843e-01
  -4.0735839e-01   3.8927421e-01
  -4.0735839e-01   3.9164219e-01
  -4.0735839e-01   3.9370571e-01
  -4.0735839e-01   3.9550300e-01
  -4.0735839e-01   3.9706771e-01
  -4.0735839e-01   3.9842938e-01
  -4.0735839e-01   3.9961393e-01
  -4.0735839e-01   4.0064406e-01
  -4.0735839e-01   4.0153964e-01
  -4.0735839e-01   4.0231803e-01
  -4.0735839e-01   4.0299441e-01
  -4.0735839e-01   4.0358203e-01
  -4.0735839e-01   4.0409242e-01
  -4.0735839e-01   4.0453566e-01
  -4.0735839e-01   4.0492051e-01
  -4.0735839e-01   4.0525463e-01
  -4.0735839e-01   4.0554466e-01
  -4.0735839e-01   4.0579638e-01
  -4.0735839e-01   4.0601484e-01
  -4.0735839e-01   4.0620441e-01
  -4.0735839e-01   4.0636889e-01
  -4.0735839e-01   4.0651159e-01
  -4.0735839e-01   4.0663539e-01
  -4.0735839e-01   4.0674278e-01
  -4.0735839e-01   4.0683593e-01
  -6.2208997e-01   4.0691673e-01
  -6.2208997e-01   4.0698680e-01
  -6.2208997e-01   4.0704758e-01
  -6.2208997e-01   4.0809808e-01
  -6.2208997e-01   4.1065340e-01
  -6.2208997e-01   4.1413369e-01
  -6.2208997e-01   4.1811931e-01
  -6.2208997e-01   4.2231407e-01
  -6.2208997e-01   4.2651471e-01
  -6.2208997e-01   4.3058666e-01
  -6.2208997e-01   4.3444525e-01
  -6.2208997e-01   4.3804148e-01
  -6.2208997e-01   4.4135139e-01
  -6.2208997e-01   4.4436828e-01
  -6.2208997e-01   4.4709699e-01
  -6.2208997e-01   4.4954977e-01
  -6.2208997e-01   4.5174337e-01
  -6.2208997e-01   4.5369697e-01
  -6.2208997e-01   4.5543075e-01
  -6.2208997e-01   4.5696491e-01
  -6.2208997e-01   4.5831901e-01
  -6.2208997e-01   4.5951163e-01
  -6.2208997e-01   4.6056008e-01
  -6.2208997e-01   4.6148031e-01
  -6.2208997e-01   4.6228688e-01
  -6.2208997e-01   4.6299296e-01
  -6.2208997e-01   4.6361042e-01
  -6.2208997e-01   4.6414986e-01
  -6.2208997e-01   4.6462076e-01
  -6.2208997e-01   4.6503151e-01
  -6.2208997e-01   4.6538958e-01
  -6.2208997e-01   4.6570153e-01
  -6.2208997e-01   4.6597317e-01
  -6.2208997e-01   4.6620959e-01
  -6.2208997e-01   4.6641528e-01
  -6.2208997e-01   4.6659416e-01
  -6.2208997e-01   4.6674968e-01
  -6.2208997e-01   4.6688485e-01
  -6.2208997e-01   4.6700231e-01
  -6.2208997e-01   4.6710434e-01
  -6.2208997e-01   4.6719296e-01
  -6.2208997e-01   4.6726991e-01
  -6.2208997e-01   4.6733672e-01
  -6.2208997e-01   4.6739472e-01
  -6.2208997e-01   4.6744505e-01
  -6.2208997e-01   4.6748874e-01
  -6.2208997e-01   4.6752665e-01
  -6.2208997e-01   4.6755954e-01
  -6.2208997e-01   4.6758808e-01
  -6.2208997e-01   4.6761284e-01
  -6.3297769e-01   4.6763431e-01
  -6.3297769e-01   4.6765294e-01
  -6.3297769e-01   4.6766909e-01
  -6.3297769e-01   4.6771090e-01
  -6.3297769e-01   4.6779316e-01
  -6.3297769e-01   4.6790029e-01
  -6.3297769e-01   4.6802105e-01
  -6.3297769e-01   4.6814743e-01
  -6.3297769e-01   4.6827389e-01
  -6.3297769e-01   4.6839665e-01
  -6.3297769e-01   4.6851330e-01
  -6.3297769e-01   4.6862239e-01
  -6.3297769e-01   4.6872316e-01
  -6.3297769e-01   4.6881534e-01
  -6.3297769e-01   4.6889900e-01
  -6.3297769e-01   4.6897445e-01
  -6.3297769e-01   4.6904214e-01
  -6.3297769e-01   4.6910259e-01
  -6.3297769e-01   4.6915637e-01
  -6.3297769e-01   4.6920407e-01
  -6.3297769e-01   4.6924625e-01
  -6.3297769e-01   4.6928347e-01
  -6.3297769e-01   4.6931625e-01
  -6.3297769e-01   4.6934505e-01
  -6.3297769e-01   4.6937033e-01
  -6.3297769e-01   4.6939249e-01
  -6.3297769e-01   4.6941188e-01
  -6.3297769e-01   4.6942884e-01
  -6.3297769e-01   4.6944365e-01
  -6.3297769e-01   4.6945658e-01
  -6.3297769e-01   4.6946785e-01
  -6.3297769e-01   4.6947768e-01
  -6.3297769e-01   4.6948625e-01
  -6.3297769e-01   4.6949370e-01
  -6.3297769e-01   4.6950019e-01
  -6.3297769e-01   4.6950583e-01
  -6.3297769e-01   4.6951074e-01
  -6.3297769e-01   4.6951501e-01
  -6.3297769e-01   4.6951871e-01
  -6.3297769e-01   4.6952194e-01
  -6.3297769e-01   4.6952473e-01
  -6.3297769e-01   4.6952716e-01
  -6.3297769e-01   4.6952927e-01
  -6.3297769e-01   4.6953111e-01
  -6.3297769e-01   4.6953270e-01
  -6.3297769e-01   4.6953408e-01
  -6.3297769e-01   4.6953527e-01
  -6.3297769e-01   4.6953631e-01
  -6.3297769e-01   4.6953721e-01
  -6.3297769e-01   4.6953800e-01
   2.5123712e-01   4.6953868e-01
   2.5123712e-01   4.6953926e-01
   2.5123712e-01   4.6953977e-01
   2.5123712e-01   4.6108378e-01
   2.5123712e-01   4.3914539e-01
   2.5123712e-01   4.0744144e-01
   2.5123712e-01   3.6855949e-01
   2.5123712e-01   3.2448897e-01
   2.5123712e-01   2.7686960e-01
   2.5123712e-01   2.2710321e-01
   2.5123712e-01   1.7639941e-01
   2.5123712e-01   1.2579157e-01
   2.5123712e-01   7.6142110e-02
   2.5123712e-01   2.8146738e-02
   2.5123712e-01  -1.7658107e-02
   2.5123712e-01  -6.0883568e-02
   2.5123712e-01  -1.0127293e-01
   2.5123712e-01  -1.3868369e-01
   2.5123712e-01  -1.7306864e-01
   2.5123712e-01  -2.0445706e-01
   2.5123712e-01  -2.3293722e-01
   2.5123712e-01  -2.5864066e-01
   2.5123712e-01  -2.8172857e-01
   2.5123712e-01  -3.0238057e-01
   2.5123712e-01  -3.2078555e-01
   2.5123712e-01  -3.3713460e-01
   2.5123712e-01  -3.5161562e-01
   2.5123712e-01  -3.6440954e-01
   2.5123712e-01  -3.7568763e-01
   2.5123712e-01  -3.8560986e-01
   2.5123712e-01  -3.9432406e-01
   2.5123712e-01  -4.0196558e-01
   2.5123712e-01  -4.0865740e-01
   2.5123712e-01  -4.1451057e-01
   2.5123712e-01  -4.1962482e-01
   2.5123712e-01  -4.2408931e-01
   2.5123712e-01  -4.2798340e-01
   2.5123712e-01  -4.3137752e-01
   2.5123712e-01  -4.3433401e-01
   2.5123712e-01  -4.3690783e-01
   2.5123712e-01  -4.3914743e-01
   2.5123712e-01  -4.4109535e-01
   2.5123712e-01  -4.4278893e-01
   2.5123712e-01  -4.4426088e-01
   2.5123712e-01  -4.4553982e-01
   2.5123712e-01  -4.4665077e-01
   2.5123712e-01  -4.4761557e-01
   2.5123712e-01  -4.4845327e-01
   2.5123712e-01  -4.4918048e-01
   2.5123712e-01  -4.4981168e-01
  -8.3774846e-01  -4.5035946e-01
  -8.3774846e-01  -4.5083480e-01
  -8.3774846e-01  -4.5124721e-01
  -8.3774846e-01  -4.2792458e-01
  -8.3774846e-01  -3.7017644e-01
  -8.3774846e-01  -2.9426069e-01
  -8.3774846e-01  -2.1167897e-01
  -8.3774846e-01  -1.2973719e-01
  -8.3774846e-01  -5.2600937e-02
  -8.3774846e-01   1.7687773e-02
  -8.3774846e-01   8.0416064e-02
  -8.3774846e-01   1.3564418e-01
  -8.3774846e-01   1.8384322e-01
  -8.3774846e-01   2.2567187e-01
  -8.3774846e-01   2.6184585e-01
  -8.3774846e-01   2.9306608e-01
  -8.3774846e-01   3.1998256e-01
  -8.3774846e-01   3.4317930e-01
  -8.3774846e-01   3.6317086e-01
  -8.3774846e-01   3.8040514e-01
  -8.3774846e-01   3.9526912e-01
  -8.3774846e-01   4.0809559e-01
  -8.3774846e-01   4.1917005e-01
  -8.3774846e-01   4.2873713e-01
  -8.3774846e-01   4.3700639e-01
  -8.3774846e-01   4.4415738e-01
  -8.3774846e-01   4.5034410e-01
  -8.3774846e-01   4.5569870e-01
  -8.3774846e-01   4.6033471e-01
  -8.3774846e-01   4.6434979e-01
  -8.3774846e-01   4.6782800e-01
  -8.3774846e-01   4.7084180e-01
  -8.3774846e-01   4.7345367e-01
  -8.3774846e-01   4.7571756e-01
  -8.3774846e-01   4.7768008e-01
  -8.3774846e-01   4.7938152e-01
  -8.3774846e-01   4.8085672e-01
  -8.3774846e-01   4.8213585e-01
  -8.3774846e-01   4.8324502e-01
  -8.3774846e-01   4.8420685e-01
  -8.3774846e-01   4.8504092e-01
  -8.3774846e-01   4.8576422e-01
  -8.3774846e-01   4.8639145e-01
  -8.3774846e-01   4.8693539e-01
  -8.3774846e-01   4.8740709e-01
  -8.3774846e-01   4.8781614e-01
  -8.3774846e-01   4.8817086e-01
  -8.3774846e-01   4.8847846e-01
  -8.3774846e-01   4.8874519e-01
  -8.3774846e-01   4.8897649e-01
   5.5142536e-01   4.8917705e-01
   5.5142536e-01   4.8935096e-01
   5.5142536e-01   4.8950176e-01
   5.5142536e-01   4.7928823e-01
   5.5142536e-01   4.5237085e-01
   5.5142536e-01   4.1291512e-01
   5.5142536e-01   3.6372323e-01
   5.5142536e-01   3.0696342e-01
   5.5142536e-01   2.4449893e-01
   5.5142536e-01   1.7802345e-01
   5.5142536e-01   1.0910120e-01
   5.5142536e-01   3.9162320e-02
   5.5142536e-01  -3.0517852e-02
   5.5142536e-01  -9.8840061e-02
   5.5142536e-01  -1.6489506e-01
   5.5142536e-01  -2.2796728e-01
   5.5142536e-01  -2.8752848e-01
   5.5142536e-01  -3.4322321e-01
   5.5142536e-01  -3.9484863e-01
   5.5142536e-01  -4.4233129e-01
   5.5142536e-01  -4.8570305e-01
   5.5142536e-01  -5.2507787e-01
   5.5142536e-01  -5.6063059e-01
   5.5142536e-01  -5.9257834e-01
   5.5142536e-01  -6.2116492e-01
   5.5142536e-01  -6.4664809e-01
   5.5142536e-01  -6.6928958e-01
   5.5142536e-01  -6.8934750e-01
   5.5142536e-01  -7.0707087e-01
   5.5142536e-01  -7.2269584e-01
   5.5142536e-01  -7.3644327e-01
   5.5142536e-01  -7.4851745e-01
   5.5142536e-01  -7.5910556e-01
   5.5142536e-01  -7.6837780e-01
   5.5142536e-01  -7.7648793e-01
   5.5142536e-01  -7.8357409e-01
   5.5142536e-01  -7.8975977e-01
   5.5142536e-01  -7.9515497e-01
   5.5142536e-01  -7.9985730e-01
   5.5142536e-01  -8.0395314e-01
   5.5142536e-01  -8.0751870e-01
   5.5142536e-01  -8.1062111e-01
   5.5142536e-01  -8.1331936e-01
   5.5142536e-01  -8.1566519e-01
   5.5142536e-01  -8.1770395e-01
   5.5142536e-01  -8.1947531e-01
   5.5142536e-01  -8.2101393e-01
   5.5142536e-01  -8.2235008e-01
   5.5142536e-01  -8.2351018e-01
   5.5142536e-01  -8.2451723e-01
  -1.2828282e-01  -8.2539129e-01
  -1.2828282e-01  -8.2614982e-01
  -1.2828282e-01  -8.2680800e-01
  -1.2828282e-01  -8.0425634e-01
  -1.2828282e-01  -7.4768538e-01
  -1.2828282e-01  -6.7238930e-01
  -1.2828282e-01  -5.8928827e-01
  -1.2828282e-01  -5.0552655e-01
  -1.2828282e-01  -4.2539485e-01
  -1.2828282e-01  -3.5120130e-01
  -1.2828282e-01  -2.8396090e-01
  -1.2828282e-01  -2.2389197e-01
  -1.2828282e-01  -1.7075215e-01
  -1.2828282e-01  -1.2405574e-01
  -1.2828282e-01  -8.3208683e-02
  -1.2828282e-01  -4.7588991e-02
  -1.2828282e-01  -1.6592261e-02
  -1.2828282e-01   1.0344635e-02
  -1.2828282e-01   3.3732998e-02
  -1.2828282e-01   5.4029461e-02
  -1.2828282e-01   7.1637427e-02
  -1.2828282e-01   8.6910720e-02
  -1.2828282e-01   1.0015821e-01
  -1.2828282e-01   1.1164868e-01
  -1.2828282e-01   1.2161558e-01
  -1.2828282e-01   1.3026143e-01
  -1.2828282e-01   1.3776178e-01
  -1.2828282e-01   1.4426878e-01
  -1.2828282e-01   1.4991426e-01
  -1.2828282e-01   1.5481250e-01
  -1.2828282e-01   1.5906250e-01
  -1.2828282e-01   1.6275014e-01
  -1.2828282e-01   1.6594984e-01
  -1.2828282e-01   1.6872615e-01
  -1.2828282e-01   1.7113507e-01
  -1.2828282e-01   1.7322519e-01
  -1.2828282e-01   1.7503865e-01
  -1.2828282e-01   1.7661202e-01
  -1.2828282e-01   1.7797704e-01
  -1.2828282e-01   1.7916127e-01
  -1.2828282e-01   1.8018861e-01
  -1.2828282e-01   1.8107982e-01
  -1.2828282e-01   1.8185290e-01
  -1.2828282e-01   1.8252348e-01
  -1.2828282e-01   1.8310513e-01
  -1.2828282e-01   1.8360963e-01
  -1.2828282e-01   1.8404719e-01
  -1.2828282e-01   1.8442669e-01
  -1.2828282e-01   1.8475581e-01
  -1.2828282e-01   1.8504123e-01
  -3.8730106e-01   1.8528876e-01
  -3.8730106e-01   1.8550341e-01
  -3.8730106e-01   1.8568954e-01
  -3.8730106e-01   1.8968794e-01
  -3.8730106e-01   1.9942582e-01
  -3.8730106e-01   2.1258479e-01
  -3.8730106e-01   2.2749115e-01
  -3.8730106e-01   2.4298729e-01
  -3.8730106e-01   2.5830649e-01
  -3.8730106e-01   2.7296671e-01
  -3.8730106e-01   2.8668691e-01
  -3.8730106e-01   2.9932419e-01
  -3.8730106e-01   3.1082793e-01
  -3.8730106e-01   3.2120730e-01
  -3.8730106e-01   3.3050845e-01
  -3.8730106e-01   3.3879902e-01
  -3.8730106e-01   3.4615755e-01
  -3.8730106e-01   3.5266660e-01
  -3.8730106e-01   3.5840831e-01
  -3.8730106e-01   3.6346159e-01
  -3.8730106e-01   3.6790055e-01
  -3.8730106e-01   3.7179364e-01
  -3.8730106e-01   3.7520339e-01
  -3.8730106e-01   3.7818635e-01
  -3.8730106e-01   3.8079333e-01
  -3.8730106e-01   3.8306976e-01
  -3.8730106e-01   3.8505605e-01
  -3.8730106e-01   3.8678801e-01
  -3.8730106e-01   3.8829734e-01
  -3.8730106e-01   3.8961196e-01
  -3.8730106e-01   3.9075646e-01
  -3.8730106e-01   3.9175244e-01
  -3.8730106e-01   3.9261885e-01
  -3.8730106e-01   3.9337230e-01
  -3.8730106e-01   3.9402732e-01
  -3.8730106e-01   3.9459661e-01
  -3.8730106e-01   3.9509128e-01
  -3.8730106e-01   3.9552100e-01
  -3.8730106e-01   3.9589424e-01
  -3.8730106e-01   3.9621835e-01
  -3.8730106e-01   3.9649976e-01
  -3.8730106e-01   3.9674406e-01
  -3.8730106e-01   3.9695611e-01
  -3.8730106e-01   3.9714014e-01
  -3.8730106e-01   3.9729985e-01
  -3.8730106e-01   3.9743843e-01
  -3.8730106e-01   3.9755867e-01
  -3.8730106e-01   3.9766298e-01
  -3.8730106e-01   3.9775347e-01
  -3.8730106e-01   3.9783196e-01
   2.1543128e-02   3.9790005e-01
   2.1543128e-02   3.9795910e-01
   2.1543128e-02   3.9801032e-01
   2.1543128e-02   3.9289768e-01
   2.1543128e-02   3.7972939e-01
   2.1543128e-02   3.6109223e-01
   2.1543128e-02   3.3884253e-01
   2.1543128e-02   3.1436855e-01
   2.1543128e-02   2.8873372e-01
   2.1543128e-02   2.6275915e-01
   2.1543128e-02   2.3707488e-01
   2.1543128e-02   2.1215501e-01
   2.1543128e-02   1.8834444e-01
   2.1543128e-02   1.6588091e-01
   2.1543128e-02   1.4491425e-01
   2.1543128e-02   1.2552327e-01
   2.1543128e-02   1.0773077e-01
   2.1543128e-02   9.1516614e-02
   2.1543128e-02   7.6828896e-02
   2.1543128e-02   6.3593318e-02
   2.1543128e-02   5.1720854e-02
   2.1543128e-02   4.1113890e-02
   2.1543128e-02   3.1670994e-02
   2.1543128e-02   2.3290535e-02
   2.1543128e-02   1.5873329e-02
   2.1543128e-02   9.3244852e-03
   2.1543128e-02   3.5546297e-03
   2.1543128e-02  -1.5193708e-03
   2.1543128e-02  -5.9740599e-03
   2.1543128e-02  -9.8793217e-03
   2.1543128e-02  -1.3298511e-02
   2.1543128e-02  -1.6288722e-02
   2.1543128e-02  -1.8901149e-02
   2.1543128e-02  -2.1181494e-02
   2.1543128e-02  -2.3170410e-02
   2.1543128e-02  -2.4903937e-02
   2.1543128e-02  -2.6413942e-02
   2.1543128e-02  -2.7728532e-02
   2.1543128e-02  -2.8872448e-02
   2.1543128e-02  -2.9867424e-02
   2.1543128e-02  -3.0732527e-02
   2.1543128e-02  -3.1484459e-02
   2.1543128e-02  -3.2137831e-02
   2.1543128e-02  -3.2705413e-02
   2.1543128e-02  -3.3198356e-02
   2.1543128e-02  -3.3626386e-02
   2.1543128e-02  -3.3997984e-02
   2.1543128e-02  -3.4320537e-02
   2.1543128e-02  -3.4600478e-02
   2.1543128e-02  -3.4843406e-02
   5.8966283e-01  -3.5054191e-02
   5.8966283e-01  -3.5237066e-02
   5.8966283e-01  -3.5395714e-02
   5.8966283e-01  -4.5063361e-02
   5.8966283e-01  -6.9621638e-02
   5.8966283e-01  -1.0434834e-01
   5.8966283e-01  -1.4585853e-01
   5.8966283e-01  -1.9161210e-01
   5.8966283e-01  -2.3964989e-01
   5.8966283e-01  -2.8844522e-01
   5.8966283e-01  -3.3681394e-01
   5.8966283e-01  -3.8385413e-01
   5.8966283e-01  -4.2890040e-01
   5.8966283e-01  -4.7148595e-01
   5.8966283e-01  -5.1130904e-01
   5.8966283e-01  -5.4820272e-01
   5.8966283e-01  -5.8210767e-01
   5.8966283e-01  -6.1304804e-01
   5.8966283e-01  -6.4111051e-01
   5.8966283e-01  -6.6642652e-01
   5.8966283e-01  -6.8915759e-01
   5.8966283e-01  -7.0948336e-01
   5.8966283e-01  -7.2759234e-01
   5.8966283e-01  -7.4367469e-01
   5.8966283e-01  -7.5791696e-01
   5.8966283e-01  -7.7049836e-01
   5.8966283e-01  -7.8158825e-01
   5.8966283e-01  -7.9134456e-01
   5.8966283e-01  -7.9991304e-01
   5.8966283e-01  -8.0742699e-01
   5.8966283e-01  -8.1400745e-01
   5.8966283e-01  -8.1976364e-01
   5.8966283e-01  -8.2479361e-01
   5.8966283e-01  -8.2918495e-01
   5.8966283e-01  -8.3301566e-01
   5.8966283e-01  -8.3635493e-01
   5.8966283e-01  -8.3926396e-01
   5.8966283e-01  -8.4179678e-01
   5.8966283e-01  -8.4400096e-01
   5.8966283e-01  -8.4591829e-01
   5.8966283e-01  -8.4758546e-01
   5.8966283e-01  -8.4903462e-01
   5.8966283e-01  -8.5029389e-01
   5.8966283e-01  -8.5138786e-01
   5.8966283e-01  -8.5233800e-01
   5.8966283e-01  -8.5316306e-01
   5.8966283e-01  -8.5387935e-01
   5.8966283e-01  -8.5450113e-01
   5.8966283e-01  -8.5504077e-01
   5.8966283e-01  -8.5550907e-01
  -2.4278123e-01  -8.5591541e-01
  -2.4278123e-01  -8.5626795e-01
  -2.4278123e-01  -8.5657380e-01
  -2.4278123e-01  -8.2840075e-01
  -2.4278123e-01  -7.5879184e-01
  -2.4278123e-01  -6.6708101e-01
  -2.4278123e-01  -5.6697648e-01
  -2.4278123e-01  -4.6725331e-01
  -2.4278123e-01  -3.7298495e-01
  -2.4278123e-01  -2.8672376e-01
  -2.4278123e-01  -2.0942648e-01
  -2.4278123e-01  -1.4110714e-01
  -2.4278123e-01  -8.1266671e-02
  -2.4278123e-01  -2.9161223e-02
  -2.4278123e-01   1.6038303e-02
  -2.4278123e-01   5.5156485e-02
  -2.4278123e-01   8.8966655e-02
  -2.4278123e-01   1.1816983e-01
  -2.4278123e-01   1.4338835e-01
  -2.4278123e-01   1.6516743e-01
  -2.4278123e-01   1.8398083e-01
  -2.4278123e-01   2.0023804e-01
  -2.4278123e-01   2.1429191e-01
  -2.4278123e-01   2.2644604e-01
  -2.4278123e-01   2.3696141e-01
  -2.4278123e-01   2.4606238e-01
  -2.4278123e-01   2.5394189e-01
  -2.4278123e-01   2.6076598e-01
  -2.4278123e-01   2.6667758e-01
  -2.4278123e-01   2.7179991e-01
  -2.4278123e-01   2.7623922e-01
  -2.4278123e-01   2.8008721e-01
  -2.4278123e-01   2.8342312e-01
  -2.4278123e-01   2.8631540e-01
  -2.4278123e-01   2.8882327e-01
  -2.4278123e-01   2.9099797e-01
  -2.4278123e-01   2.9288387e-01
  -2.4278123e-01   2.9451937e-01
  -2.4278123e-01   2.9593775e-01
  -2.4278123e-01   2.9716787e-01
  -2.4278123e-01   2.9823470e-01
  -2.4278123e-01   2.9915994e-01
  -2.4278123e-01   2.9996236e-01
  -2.4278123e-01   3.0065827e-01
  -2.4278123e-01   3.0126179e-01
  -2.4278123e-01   3.0178518e-01
  -2.4278123e-01   3.0223907e-01
  -2.4278123e-01   3.0263268e-01
  -2.4278123e-01   3.0297402e-01
  -2.4278123e-01   3.0327001e-01
   6.5651178e-02   3.0352668e-01
   6.5651178e-02   3.0374925e-01
   6.5651178e-02   3.0394224e-01
   6.5651178e-02   2.9893388e-01
   6.5651178e-02   2.8585326e-01
   6.5651178e-02   2.6734821e-01
   6.5651178e-02   2.4532296e-01
   6.5651178e-02   2.2119339e-01
   6.5651178e-02   1.9603139e-01
   6.5651178e-02   1.7065145e-01
   6.5651178e-02   1.4566666e-01
   6.5651178e-02   1.2152835e-01
   6.5651178e-02   9.8556360e-02
   6.5651178e-02   7.6963815e-02
   6.5651178e-02   5.6878081e-02
   6.5651178e-02   3.8358738e-02
   6.5651178e-02   2.1412995e-02
   6.5651178e-02   6.0087808e-03
   6.5651178e-02  -7.9143342e-03
   6.5651178e-02  -2.0436177e-02
   6.5651178e-02  -3.1648779e-02
   6.5651178e-02  -4.1650735e-02
   6.5651178e-02  -5.0542877e-02
   6.5651178e-02  -5.8425076e-02
   6.5651178e-02  -6.5393934e-02
   6.5651178e-02  -7.1541226e-02
   6.5651178e-02  -7.6952903e-02
   6.5651178e-02  -8.1708546e-02
   6.5651178e-02  -8.5881146e-02
   6.5651178e-02  -8.9537130e-02
   6.5651178e-02  -9.2736556e-02
   6.5651178e-02  -9.5533424e-02
   6.5651178e-02  -9.7976057e-02
   6.5651178e-02  -1.0010753e-01
   6.5651178e-02  -1.0196609e-01
   6.5651178e-02  -1.0358561e-01
   6.5651178e-02  -1.0499603e-01
   6.5651178e-02  -1.0622370e-01
   6.5651178e-02  -1.0729181e-01
   6.5651178e-02  -1.0822073e-01
   6.5651178e-02  -1.0902830e-01
   6.5651178e-02  -1.0973016e-01
   6.5651178e-02  -1.1033996e-01
   6.5651178e-02  -1.1086966e-01
   6.5651178e-02  -1.1132967e-01
   6.5651178e-02  -1.1172908e-01
   6.5651178e-02  -1.1207581e-01
   6.5651178e-02  -1.1237677e-01
   6.5651178e-02  -1.1263796e-01
   6.5651178e-02  -1.1286461e-01
   8.7800312e-01  -1.1306126e-01
   8.7800312e-01  -1.1323187e-01
   8.7800312e-01  -1.1337987e-01
   8.7800312e-01  -1.2351633e-01
   8.7800312e-01  -1.4928229e-01
   8.7800312e-01  -1.8570033e-01
   8.7800312e-01  -2.2920071e-01
   8.7800312e-01  -2.7710737e-01
   8.7800312e-01  -3.2736084e-01
   8.7800312e-01  -3.7836112e-01
   8.7800312e-01  -4.2887164e-01
   8.7800312e-01  -4.7795429e-01
   8.7800312e-01  -5.2492026e-01
   8.7800312e-01  -5.6928908e-01
   8.7800312e-01  -6.1075281e-01
   8.7800312e-01  -6.4914382e-01
   8.7800312e-01  -6.8440607e-01
   8.7800312e-01  -7.1656973e-01
   8.7800312e-01  -7.4572932e-01
   8.7800312e-01  -7.7202514e-01
   8.7800312e-01  -7.9562806e-01
   8.7800312e-01  -8.1672718e-01
   8.7800312e-01  -8.3552024e-01
   8.7800312e-01  -8.5220628e-01
   8.7800312e-01  -8.6698019e-01
   8.7800312e-01  -8.8002892e-01
   8.7800312e-01  -8.9152894e-01
   8.7800312e-01  -9.0164470e-01
   8.7800312e-01  -9.1052780e-01
   8.7800312e-01  -9.1831684e-01
   8.7800312e-01  -9.2513761e-01
   8.7800312e-01  -9.3110353e-01
   8.7800312e-01  -9.3631641e-01
   8.7800312e-01  -9.4086717e-01
   8.7800312e-01  -9.4483674e-01
   8.7800312e-01  -9.4829689e-01
   8.7800312e-01  -9.5131111e-01
   8.7800312e-01  -9.5393543e-01
   8.7800312e-01  -9.5621916e-01
   8.7800312e-01  -9.5820564e-01
   8.7800312e-01  -9.5993291e-01
   8.7800312e-01  -9.6143427e-01
   8.7800312e-01  -9.6273888e-01
   8.7800312e-01  -9.6387223e-01
   8.7800312e-01  -9.6485656e-01
   8.7800312e-01  -9.6571128e-01
   8.7800312e-01  -9.6645333e-01
   8.7800312e-01  -9.6709746e-01
   8.7800312e-01  -9.6765649e-01
   8.7800312e-01  -9.6814162e-01
   1.0031269e-01  -9.6856256e-01
   1.0031269e-01  -9.6892777e-01
   1.0031269e-01  -9.6924460e-01
   1.0031269e-01  -9.5367278e-01
   1.0031269e-01  -9.1448910e-01
   1.0031269e-01  -8.6166019e-01
   1.0031269e-01  -8.0236063e-01
   1.0031269e-01  -7.4144596e-01
   1.0031269e-01  -6.8201020e-01
   1.0031269e-01  -6.2588670e-01
   1.0031269e-01  -5.7404631e-01
   1.0031269e-01  -5.2689250e-01
   1.0031269e-01  -4.8447026e-01
   1.0031269e-01  -4.4660894e-01
   1.0031269e-01  -4.1301743e-01
   1.0031269e-01  -3.8334584e-01
   1.0031269e-01  -3.5722447e-01
   1.0031269e-01  -3.3428750e-01
   1.0031269e-01  -3.1418676e-01
   1.0031269e-01  -2.9659899e-01
   1.0031269e-01  -2.8122908e-01
   1.0031269e-01  -2.6781075e-01
   1.0031269e-01  -2.5610571e-01
   1.0031269e-01  -2.4590210e-01
   1.0031269e-01  -2.3701236e-01
   1.0031269e-01  -2.2927105e-01
   1.0031269e-01  -2.2253261e-01
   1.0031269e-01  -2.1666928e-01
   1.0031269e-01  -2.1156904e-01
   1.0031269e-01  -2.0713386e-01
   1.0031269e-01  -2.0327802e-01
   1.0031269e-01  -1.9992663e-01
   1.0031269e-01  -1.9701432e-01
   1.0031269e-01  -1.9448407e-01
   1.0031269e-01  -1.9228614e-01
   1.0031269e-01  -1.9037720e-01
   1.0031269e-01  -1.8871952e-01
   1.0031269e-01  -1.8728022e-01
   1.0031269e-01  -1.8603070e-01
   1.0031269e-01  -1.8494607e-01
   1.0031269e-01  -1.8400466e-01
   1.0031269e-01  -1.8318766e-01
   1.0031269e-01  -1.8247869e-01
   1.0031269e-01  -1.8186351e-01
   1.0031269e-01  -1.8132977e-01
   1.0031269e-01  -1.8086671e-01
   1.0031269e-01  -1.8046501e-01
   1.0031269e-01  -1.8011655e-01
   1.0031269e-01  -1.7981430e-01
   1.0031269e-01  -1.7955214e-01
   1.7408941e-01  -1.7932476e-01
   1.7408941e-01  -1.7912757e-01
   1.7408941e-01  -1.7895655e-01
   1.7408941e-01  -1.8084953e-01
   1.7408941e-01  -1.8588584e-01
   1.7408941e-01  -1.9292800e-01
   1.7408941e-01  -2.0115206e-01
   1.7408941e-01  -2.0996365e-01
   1.7408941e-01  -2.1893864e-01
   1.7408941e-01  -2.2778017e-01
   1.7408941e-01  -2.3628669e-01
   1.7408941e-01  -2.4432788e-01
   1.7408941e-01  -2.5182624e-01
   1.7408941e-01  -2.5874304e-01
   1.7408941e-01  -2.6506748e-01
   1.7408941e-01  -2.7080847e-01
   1.7408941e-01  -2.7598830e-01
   1.7408941e-01  -2.8063794e-01
   1.7408941e-01  -2.8479349e-01
   1.7408941e-01  -2.8849358e-01
   1.7408941e-01  -2.9177753e-01
   1.7408941e-01  -2.9468401e-01
   1.7408941e-01  -2.9725016e-01
   1.7408941e-01  -2.9951104e-01
   1.7408941e-01  -3.0149927e-01
   1.7408941e-01  -3.0324488e-01
   1.7408941e-01  -3.0477530e-01
   1.7408941e-01  -3.0611535e-01
   1.7408941e-01  -3.0728741e-01
   1.7408941e-01  -3.0831154e-01
   1.7408941e-01  -3.0920563e-01
   1.7408941e-01  -3.0998559e-01
   1.7408941e-01  -3.1066552e-01
   1.7408941e-01  -3.1125790e-01
   1.7408941e-01  -3.1177372e-01
   1.7408941e-01  -3.1222265e-01
   1.7408941e-01  -3.1261321e-01
   1.7408941e-01  -3.1295286e-01
   1.7408941e-01  -3.1324813e-01
   1.7408941e-01  -3.1350474e-01
   1.7408941e-01  -3.1372770e-01
   1.7408941e-01  -3.1392137e-01
   1.7408941e-01  -3.1408957e-01
   1.7408941e-01  -3.1423561e-01
   1.7408941e-01  -3.1436240e-01
   1.7408941e-01  -3.1447245e-01
   1.7408941e-01  -3.1456797e-01
   1.7408941e-01  -3.1465085e-01
   1.7408941e-01  -3.1472277e-01
   1.7408941e-01  -3.1478517e-01
  -3.9750734e-01  -3.1483930e-01
  -3.9750734e-01  -3.1488626e-01
  -3.9750734e-01  -3.1492699e-01
  -3.9750734e-01  -2.9876925e-01
  -3.9750734e-01  -2.5882555e-01
  -3.9750734e-01  -2.0577067e-01
  -3.9750734e-01  -1.4722391e-01
  -3.9750734e-01  -8.8177474e-02
  -3.9750734e-01  -3.1639090e-02
  -3.9750734e-01   2.0764181e-02
  -3.9750734e-01   6.8308240e-02
  -3.9750734e-01   1.1082753e-01
  -3.9750734e-01   1.4848125e-01
  -3.9750734e-01   1.8160173e-01
  -3.9750734e-01   2.1059974e-01
  -3.9750734e-01   2.3590779e-01
  -3.9750734e-01   2.5794785e-01
  -3.9750734e-01   2.7711424e-01
  -3.9750734e-01   2.9376592e-01
  -3.9750734e-01   3.0822417e-01
  -3.9750734e-01   3.2077335e-01
  -3.9750734e-01   3.3166329e-01
  -3.9750734e-01   3.4111240e-01
  -3.9750734e-01   3.4931103e-01
  -3.9750734e-01   3.5642466e-01
  -3.9750734e-01   3.6259701e-01
  -3.9750734e-01   3.6795279e-01
  -3.9750734e-01   3.7260018e-01
  -3.9750734e-01   3.7663296e-01
  -3.9750734e-01   3.8013247e-01
  -3.9750734e-01   3.8316927e-01
  -3.9750734e-01   3.8580453e-01
  -3.9750734e-01   3.8809133e-01
  -3.9750734e-01   3.9007572e-01
  -3.9750734e-01   3.9179764e-01
  -3.9750734e-01   3.9329177e-01
  -3.9750734e-01   3.9458821e-01
  -3.9750734e-01   3.9571306e-01
  -3.9750734e-01   3.9668901e-01
  -3.9750734e-01   3.9753572e-01
  -3.9750734e-01   3.9827028e-01
  -3.9750734e-01   3.9890752e-01
  -3.9750734e-01   3.9946031e-01
  -3.9750734e-01   3.9993982e-01
  -3.9750734e-01   4.0035575e-01
  -3.9750734e-01   4.0071651e-01
  -3.9750734e-01   4.0102941e-01
  -3.9750734e-01   4.0130079e-01
  -3.9750734e-01   4.0153615e-01
  -3.9750734e-01   4.0174027e-01
  -5.3902368e-01   4.0191728e-01
  -5.3902368e-01   4.0207078e-01
  -5.3902368e-01   4.0220390e-01
  -5.3902368e-01   4.0310265e-01
  -5.3902368e-01   4.0517399e-01
  -5.3902368e-01   4.0796604e-01
  -5.3902368e-01   4.1115202e-01
  -5.3902368e-01   4.1450100e-01
  -5.3902368e-01   4.1785407e-01
  -5.3902368e-01   4.2110557e-01
  -5.3902368e-01   4.2418865e-01
  -5.3902368e-01   4.2706430e-01
  -5.3902368e-01   4.2971317e-01
  -5.3902368e-01   4.3212953e-01
  -5.3902368e-01   4.3431679e-01
  -5.3902368e-01   4.3628434e-01
  -5.3902368e-01   4.3804521e-01
  -5.3902368e-01   4.3961441e-01
  -5.3902368e-01   4.4100784e-01
  -5.3902368e-01   4.4224146e-01
  -5.3902368e-01   4.4333081e-01
  -5.3902368e-01   4.4429064e-01
  -5.3902368e-01   4.4513475e-01
  -5.3902368e-01   4.4587587e-01
  -5.3902368e-01   4.4652562e-01
  -5.3902368e-01   4.4709457e-01
  -5.3902368e-01   4.4759221e-01
  -5.3902368e-01   4.4802706e-01
  -5.3902368e-01   4.4840672e-01
  -5.3902368e-01   4.4873794e-01
  -5.3902368e-01   4.4902670e-01
  -5.3902368e-01   4.4927830e-01
  -5.3902368e-01   4.4949741e-01
  -5.3902368e-01   4.4968813e-01
  -5.3902368e-01   4.4985407e-01
  -5.3902368e-01   4.4999839e-01
  -5.3902368e-01   4.5012387e-01
  -5.3902368e-01   4.5023294e-01
  -5.3902368e-01   4.5032771e-01
  -5.3902368e-01   4.5041004e-01
  -5.3902368e-01   4.5048155e-01
  -5.3902368e-01   4.5054365e-01
  -5.3902368e-01   4.5059757e-01
  -5.3902368e-01   4.5064437e-01
  -5.3902368e-01   4.5068500e-01
  -5.3902368e-01   4.5072025e-01
  -5.3902368e-01   4.5075085e-01
  -5.3902368e-01   4.5077739e-01
  -5.3902368e-01   4.5080042e-01
  -5.3902368e-01   4.5082040e-01
  -6.1047142e-01   4.5083773e-01
  -6.1047142e-01   4.5085277e-01
  -6.1047142e-01   4.5086581e-01
  -6.1047142e-01   4.5111302e-01
  -6.1047142e-01   4.5171752e-01
  -6.1047142e-01   4.5254449e-01
  -6.1047142e-01   4.5349628e-01
  -6.1047142e-01   4.5450342e-01
  -6.1047142e-01   4.5551754e-01
  -6.1047142e-01   4.5650595e-01
  -6.1047142e-01   4.5744748e-01
  -6.1047142e-01   4.5832934e-01
  -6.1047142e-01   4.5914473e-01
  -6.1047142e-01   4.5989110e-01
  -6.1047142e-01   4.6056878e-01
  -6.1047142e-01   4.6118008e-01
  -6.1047142e-01   4.6172851e-01
  -6.1047142e-01   4.6221832e-01
  -6.1047142e-01   4.6265411e-01
  -6.1047142e-01   4.6304060e-01
  -6.1047142e-01   4.6338240e-01
  -6.1047142e-01   4.6368397e-01
  -6.1047142e-01   4.6394949e-01
  -6.1047142e-01   4.6418287e-01
  -6.1047142e-01   4.6438766e-01
  -6.1047142e-01   4.6456712e-01
  -6.1047142e-01   4.6472421e-01
  -6.1047142e-01   4.6486156e-01
  -6.1047142e-01   4.6498154e-01
  -6.1047142e-01   4.6508626e-01
  -6.1047142e-01   4.6517759e-01
  -6.1047142e-01   4.6525720e-01
  -6.1047142e-01   4.6532655e-01
  -6.1047142e-01   4.6538694e-01
  -6.1047142e-01   4.6543949e-01
  -6.1047142e-01   4.6548520e-01
  -6.1047142e-01   4.6552495e-01
  -6.1047142e-01   4.6555951e-01
  -6.1047142e-01   4.6558954e-01
  -6.1047142e-01   4.6561564e-01
  -6.1047142e-01   4.6563830e-01
  -6.1047142e-01   4.6565799e-01
  -6.1047142e-01   4.6567508e-01
  -6.1047142e-01   4.6568992e-01
  -6.1047142e-01   4.6570280e-01
  -6.1047142e-01   4.6571398e-01
  -6.1047142e-01   4.6572368e-01
  -6.1047142e-01   4.6573210e-01
  -6.1047142e-01   4.6573940e-01
  -6.1047142e-01   4.6574574e-01
  -6.5858391e-01   4.6575123e-01
  -6.5858391e-01   4.6575600e-01
  -6.5858391e-01   4.6576014e-01
  -6.5858391e-01   4.6588350e-01
  -6.5858391e-01   4.6618867e-01
  -6.5858391e-01   4.6660734e-01
  -6.5858391e-01   4.6709005e-01
  -6.5858391e-01   4.6760154e-01
  -6.5858391e-01   4.6811720e-01
  -6.5858391e-01   4.6862035e-01
  -6.5858391e-01   4.6910012e-01
  -6.5858391e-01   4.6954991e-01
  -6.5858391e-01   4.6996614e-01
  -6.5858391e-01   4.7034743e-01
  -6.5858391e-01   4.7069388e-01
  -6.5858391e-01   4.7100658e-01
  -6.5858391e-01   4.7128728e-01
  -6.5858391e-01   4.7153810e-01
  -6.5858391e-01   4.7176136e-01
  -6.5858391e-01   4.7195943e-01
  -6.5858391e-01   4.7213467e-01
  -6.5858391e-01   4.7228933e-01
  -6.5858391e-01   4.7242554e-01
  -6.5858391e-01   4.7254528e-01
  -6.5858391e-01   4.7265038e-01
  -6.5858391e-01   4.7274250e-01
  -6.5858391e-01   4.7282315e-01
  -6.5858391e-01   4.7289367e-01
  -6.5858391e-01   4.7295528e-01
  -6.5858391e-01   4.7300906e-01
  -6.5858391e-01   4.7305597e-01
  -6.5858391e-01   4.7309687e-01
  -6.5858391e-01   4.7313249e-01
  -6.5858391e-01   4.7316351e-01
  -6.5858391e-01   4.7319051e-01
  -6.5858391e-01   4.7321400e-01
  -6.5858391e-01   4.7323442e-01
  -6.5858391e-01   4.7325218e-01
  -6.5858391e-01   4.7326761e-01
  -6.5858391e-01   4.7328102e-01
  -6.5858391e-01   4.7329267e-01
  -6.5858391e-01   4.7330278e-01
  -6.5858391e-01   4.7331157e-01
  -6.5858391e-01   4.7331919e-01
  -6.5858391e-01   4.7332581e-01
  -6.5858391e-01   4.7333156e-01
  -6.5858391e-01   4.7333654e-01
  -6.5858391e-01   4.7334087e-01
  -6.5858391e-01   4.7334462e-01
  -6.5858391e-01   4.7334788e-01
  -1.2860263e-01   4.7335070e-01
  -1.2860263e-01   4.7335315e-01
  -1.2860263e-01   4.7335528e-01
  -1.2860263e-01   4.6976081e-01
  -1.2860263e-01   4.6057974e-01
  -1.2860263e-01   4.4766558e-01
  -1.2860263e-01   4.3235361e-01
  -1.2860263e-01   4.1563423e-01
  -1.2860263e-01   3.9825285e-01
  -1.2860263e-01   3.8077126e-01
  -1.2860263e-01   3.6360806e-01
  -1.2860263e-01   3.4706767e-01
  -1.2860263e-01   3.3136260e-01
  -1.2860263e-01   3.1663156e-01
  -1.2860263e-01   3.0295461e-01
  -1.2860263e-01   2.9036593e-01
  -1.2860263e-01   2.7886470e-01
  -1.2860263e-01   2.6842415e-01
  -1.2860263e-01   2.5899906e-01
  -1.2860263e-01   2.5053181e-01
  -1.2860263e-01   2.4295721e-01
  -1.2860263e-01   2.3620623e-01
  -1.2860263e-01   2.3020886e-01
  -1.2860263e-01   2.2489618e-01
  -1.2860263e-01   2.2020185e-01
  -1.2860263e-01   2.1606305e-01
  -1.2860263e-01   2.1242116e-01
  -1.2860263e-01   2.0922202e-01
  -1.2860263e-01   2.0641606e-01
  -1.2860263e-01   2.0395825e-01
  -1.2860263e-01   2.0180793e-01
  -1.2860263e-01   1.9992860e-01
  -1.2860263e-01   1.9828762e-01
  -1.2860263e-01   1.9685594e-01
  -1.2860263e-01   1.9560775e-01
  -1.2860263e-01   1.9452024e-01
  -1.2860263e-01   1.9357326e-01
  -1.2860263e-01   1.9274906e-01
  -1.2860263e-01   1.9203204e-01
  -1.2860263e-01   1.9140851e-01
  -1.2860263e-01   1.9086647e-01
  -1.2860263e-01   1.9039541e-01
  -1.2860263e-01   1.8998615e-01
  -1.2860263e-01   1.8963067e-01
  -1.2860263e-01   1.8932197e-01
  -1.2860263e-01   1.8905395e-01
  -1.2860263e-01   1.8882128e-01
  -1.2860263e-01   1.8861933e-01
  -1.2860263e-01   1.8844408e-01
  -1.2860263e-01   1.8829200e-01
   8.4675928e-01   1.8816005e-01
   8.4675928e-01   1.8804557e-01
   8.4675928e-01   1.8794627e-01
   8.4675928e-01   1.7653653e-01
   8.4675928e-01   1.4718305e-01
   8.4675928e-01   1.0505143e-01
   8.4675928e-01   5.3778851e-02
   8.4675928e-01  -3.8539085e-03
   8.4675928e-01  -6.5598677e-02
   8.4675928e-01  -1.2958548e-01
   8.4675928e-01  -1.9425002e-01
   8.4675928e-01  -2.5829833e-01
   8.4675928e-01  -3.2068563e-01
   8.4675928e-01  -3.8059815e-01
   8.4675928e-01  -4.3743311e-01
   8.4675928e-01  -4.9077578e-01
   8.4675928e-01  -5.4037425e-01
   8.4675928e-01  -5.8611314e-01
   8.4675928e-01  -6.2798776e-01
   8.4675928e-01  -6.6607983e-01
   8.4675928e-01  -7.0053565e-01
   8.4675928e-01  -7.3154711e-01
   8.4675928e-01  -7.5933573e-01
   8.4675928e-01  -7.8413970e-01
   8.4675928e-01  -8.0620364e-01
   8.4675928e-01  -8.2577082e-01
   8.4675928e-01  -8.4307742e-01
   8.4675928e-01  -8.5834850e-01
   8.4675928e-01  -8.7179547e-01
   8.4675928e-01  -8.8361450e-01
   8.4675928e-01  -8.9398586e-01
   8.4675928e-01  -9.0307391e-01
   8.4675928e-01  -9.1102742e-01
   8.4675928e-01  -9.1798030e-01
   8.4675928e-01  -9.2405249e-01
   8.4675928e-01  -9.2935099e-01
   8.4675928e-01  -9.3397084e-01
   8.4675928e-01  -9.3799627e-01
   8.4675928e-01  -9.4150168e-01
   8.4675928e-01  -9.4455266e-01
   8.4675928e-01  -9.4720689e-01
   8.4675928e-01  -9.4951503e-01
   8.4675928e-01  -9.5152147e-01
   8.4675928e-01  -9.5326511e-01
   8.4675928e-01  -9.5477993e-01
   8.4675928e-01  -9.5609564e-01
   8.4675928e-01  -9.5723816e-01
   8.4675928e-01  -9.5823009e-01
   8.4675928e-01  -9.5909114e-01
   8.4675928e-01  -9.5983846e-01
  -6.3036736e-01  -9.6048698e-01
  -6.3036736e-01  -9.6104970e-01
  -6.3036736e-01  -9.6153792e-01
  -6.3036736e-01  -9.2210014e-01
  -6.3036736e-01  -8.2543738e-01
  -6.3036736e-01  -6.9998025e-01
  -6.3036736e-01  -5.6560919e-01
  -6.3036736e-01  -4.3453111e-01
  -6.3036736e-01  -3.1329042e-01
  -6.3036736e-01  -2.0472270e-01
  -6.3036736e-01  -1.0945054e-01
  -6.3036736e-01  -2.6895784e-02
  -6.3036736e-01   4.4089404e-02
  -6.3036736e-01   1.0485487e-01
  -6.3036736e-01   1.5675277e-01
  -6.3036736e-01   2.0103901e-01
  -6.3036736e-01   2.3883267e-01
  -6.3036736e-01   2.7110688e-01
  -6.3036736e-01   2.9869559e-01
  -6.3036736e-01   3.2230728e-01
  -6.3036736e-01   3.4254103e-01
  -6.3036736e-01   3.5990223e-01
  -6.3036736e-01   3.7481706e-01
  -6.3036736e-01   3.8764505e-01
  -6.3036736e-01   3.9868996e-01
  -6.3036736e-01   4.0820883e-01
  -6.3036736e-01   4.1641962e-01
  -6.3036736e-01   4.2350755e-01
  -6.3036736e-01   4.2963030e-01
  -6.3036736e-01   4.3492245e-01
  -6.3036736e-01   4.3949901e-01
  -6.3036736e-01   4.4345850e-01
  -6.3036736e-01   4.4688541e-01
  -6.3036736e-01   4.4985235e-01
  -6.3036736e-01   4.5242174e-01
  -6.3036736e-01   4.5464738e-01
  -6.3036736e-01   4.5657562e-01
  -6.3036736e-01   4.5824648e-01
  -6.3036736e-01   4.5969449e-01
  -6.3036736e-01   4.6094952e-01
  -6.3036736e-01   4.6203738e-01
  -6.3036736e-01   4.6298040e-01
  -6.3036736e-01   4.6379792e-01
  -6.3036736e-01   4.6450667e-01
  -6.3036736e-01   4.6512114e-01
  -6.3036736e-01   4.6565388e-01
  -6.3036736e-01   4.6611578e-01
  -6.3036736e-01   4.6651625e-01
  -6.3036736e-01   4.6686348e-01
  -6.3036736e-01   4.6716453e-01
   9.5949676e-01   4.6742556e-01
   9.5949676e-01   4.6765188e-01
   9.5949676e-01   4.6784810e-01
   9.5949676e-01   4.5689965e-01
   9.5949676e-01   4.2796343e-01
   9.5949676e-01   3.8545684e-01
   9.5949676e-01   3.3233249e-01
   9.5949676e-01   2.7087512e-01
   9.5949676e-01   2.0305999e-01
   9.5949676e-01   1.3069943e-01
   9.5949676e-01   5.5484312e-02
   9.5949676e-01  -2.1024146e-02
   9.5949676e-01  -9.7420716e-02
   9.5949676e-01  -1.7248335e-01
   9.5949676e-01  -2.4519213e-01
   9.5949676e-01  -3.1473647e-01
   9.5949676e-01  -3.8051075e-01
   9.5949676e-01  -4.4210018e-01
   9.5949676e-01  -4.9925999e-01
   9.5949676e-01  -5.5189054e-01
   9.5949676e-01  -6.0001121e-01
   9.5949676e-01  -6.4373484e-01
   9.5949676e-01  -6.8324413e-01
   9.5949676e-01  -7.1877094e-01
   9.5949676e-01  -7.5057867e-01
   9.5949676e-01  -7.7894788e-01
   9.5949676e-01  -8.0416493e-01
   9.5949676e-01  -8.2651334e-01
   9.5949676e-01  -8.4626741e-01
   9.5949676e-01  -8.6368789e-01
   9.5949676e-01  -8.7901912e-01
   9.5949676e-01  -8.9248741e-01
   9.5949676e-01  -9.0430040e-01
   9.5949676e-01  -9.1464710e-01
   9.5949676e-01  -9.2369841e-01
   9.5949676e-01  -9.3160794e-01
   9.5949676e-01  -9.3851316e-01
   9.5949676e-01  -9.4453655e-01
   9.5949676e-01  -9.4978686e-01
   9.5949676e-01  -9.5436033e-01
   9.5949676e-01  -9.5834196e-01
   9.5949676e-01  -9.6180658e-01
   9.5949676e-01  -9.6482001e-01
   9.5949676e-01  -9.6743996e-01
   9.5949676e-01  -9.6971705e-01
   9.5949676e-01  -9.7169554e-01
   9.5949676e-01  -9.7341412e-01
   9.5949676e-01  -9.7490660e-01
   9.5949676e-01  -9.7620244e-01
   9.5949676e-01  -9.7732736e-01
  -7.7776155e-01  -9.7830374e-01
  -7.7776155e-01  -9.7915106e-01
  -7.7776155e-01  -9.7988631e-01
  -7.7776155e-01  -9.3898032e-01
  -7.7776155e-01  -8.3851388e-01
  -7.7776155e-01  -7.0829280e-01
  -7.7776155e-01  -5.6912429e-01
  -7.7776155e-01  -4.3371626e-01
  -7.7776155e-01  -3.0881334e-01
  -7.7776155e-01  -1.9727421e-01
  -7.7776155e-01  -9.9656903e-02
  -7.7776155e-01  -1.5285771e-02
  -7.7776155e-01   5.7088107e-02
  -7.7776155e-01   1.1890573e-01
  -7.7776155e-01   1.7159573e-01
  -7.7776155e-01   2.1647557e-01
  -7.7776155e-01   2.5471256e-01
  -7.7776155e-01   2.8731701e-01
  -7.7776155e-01   3.1515114e-01
  -7.7776155e-01   3.3894485e-01
  -7.7776155e-01   3.5931331e-01
  -7.7776155e-01   3.7677398e-01
  -7.7776155e-01   3.9176204e-01
  -7.7776155e-01   4.0464379e-01
  -7.7776155e-01   4.1572800e-01
  -7.7776155e-01   4.2527546e-01
  -7.7776155e-01   4.3350693e-01
  -7.7776155e-01   4.4060969e-01
  -7.7776155e-01   4.4674299e-01
  -7.7776155e-01   4.5204253e-01
  -7.7776155e-01   4.5662420e-01
  -7.7776155e-01   4.6058713e-01
  -7.7776155e-01   4.6401628e-01
  -7.7776155e-01   4.6698460e-01
  -7.7776155e-01   4.6955478e-01
  -7.7776155e-01   4.7178078e-01
  -7.7776155e-01   4.7370910e-01
  -7.7776155e-01   4.7537984e-01
  -7.7776155e-01   4.7682762e-01
  -7.7776155e-01   4.7808235e-01
  -7.7776155e-01   4.7916987e-01
  -7.7776155e-01   4.8011254e-01
  -7.7776155e-01   4.8092972e-01
  -7.7776155e-01   4.8163813e-01
  -7.7776155e-01   4.8225228e-01
  -7.7776155e-01   4.8278474e-01
  -7.7776155e-01   4.8324637e-01
  -7.7776155e-01   4.8364660e-01
  -7.7776155e-01   4.8399361e-01
  -7.7776155e-01   4.8429447e-01
  -1.8256031e-01   4.8455533e-01
  -1.8256031e-01   4.8478149e-01
  -1.8256031e-01   4.8497758e-01
  -1.8256031e-01   4.8206783e-01
  -1.8256031e-01   4.7436629e-01
  -1.8256031e-01   4.6348645e-01
  -1.8256031e-01   4.5059157e-01
  -1.8256031e-01   4.3654016e-01
  -1.8256031e-01   4.2197246e-01
  -1.8256031e-01   4.0736501e-01
  -1.8256031e-01   3.9306770e-01
  -1.8256031e-01   3.7933052e-01
  -1.8256031e-01   3.6632426e-01
  -1.8256031e-01   3.5415710e-01
  -1.8256031e-01   3.4288823e-01
  -1.8256031e-01   3.3253920e-01
  -1.8256031e-01   3.2310327e-01
  -1.8256031e-01   3.1455313e-01
  -1.8256031e-01   3.0684713e-01
  -1.8256031e-01   2.9993429e-01
  -1.8256031e-01   2.9375818e-01
  -1.8256031e-01   2.8825988e-01
  -1.8256031e-01   2.8338026e-01
  -1.8256031e-01   2.7906155e-01
  -1.8256031e-01   2.7524845e-01
  -1.8256031e-01   2.7188890e-01
  -1.8256031e-01   2.6893446e-01
  -1.8256031e-01   2.6634054e-01
  -1.8256031e-01   2.6406646e-01
  -1.8256031e-01   2.6207533e-01
  -1.8256031e-01   2.6033391e-01
  -1.8256031e-01   2.5881241e-01
  -1.8256031e-01   2.5748423e-01
  -1.8256031e-01   2.5632571e-01
  -1.8256031e-01   2.5531588e-01
  -1.8256031e-01   2.5443619e-01
  -1.8256031e-01   2.5367029e-01
  -1.8256031e-01   2.5300379e-01
  -1.8256031e-01   2.5242402e-01
  -1.8256031e-01   2.5191989e-01
  -1.8256031e-01   2.5148169e-01
  -1.8256031e-01   2.5110090e-01
  -1.8256031e-01   2.5077008e-01
  -1.8256031e-01   2.5048276e-01
  -1.8256031e-01   2.5023326e-01
  -1.8256031e-01   2.5001664e-01
  -1.8256031e-01   2.4982860e-01
  -1.8256031e-01   2.4966540e-01
  -1.8256031e-01   2.4952377e-01
  -1.8256031e-01   2.4940087e-01
  -4.7557650e-01   2.4929424e-01
  -4.7557650e-01   2.4920174e-01
  -4.7557650e-01   2.4912149e-01
  -4.7557650e-01   2.5236364e-01
  -4.7557650e-01   2.6059471e-01
  -4.7557650e-01   2.7181940e-01
  -4.7557650e-01   2.8459493e-01
  -4.7557650e-01   2.9791984e-01
  -4.7557650e-01   3.1112733e-01
  -4.7557650e-01   3.2379493e-01
  -4.7557650e-01   3.3567341e-01
  -4.7557650e-01   3.4663321e-01
  -4.7557650e-01   3.5662524e-01
  -4.7557650e-01   3.6565296e-01
  -4.7557650e-01   3.7375272e-01
  -4.7557650e-01   3.8098022e-01
  -4.7557650e-01   3.8740135e-01
  -4.7557650e-01   3.9308605e-01
  -4.7557650e-01   3.9810435e-01
  -4.7557650e-01   4.0252389e-01
  -4.7557650e-01   4.0640842e-01
  -4.7557650e-01   4.0981703e-01
  -4.7557650e-01   4.1280379e-01
  -4.7557650e-01   4.1541775e-01
  -4.7557650e-01   4.1770304e-01
  -4.7557650e-01   4.1969917e-01
  -4.7557650e-01   4.2144136e-01
  -4.7557650e-01   4.2296083e-01
  -4.7557650e-01   4.2428525e-01
  -4.7557650e-01   4.2543903e-01
  -4.7557650e-01   4.2644366e-01
  -4.7557650e-01   4.2731804e-01
  -4.7557650e-01   4.2807877e-01
  -4.7557650e-01   4.2874038e-01
  -4.7557650e-01   4.2931561e-01
  -4.7557650e-01   4.2981559e-01
  -4.7557650e-01   4.3025006e-01
  -4.7557650e-01   4.3062752e-01
  -4.7557650e-01   4.3095538e-01
  -4.7557650e-01   4.3124010e-01
  -4.7557650e-01   4.3148732e-01
  -4.7557650e-01   4.3170194e-01
  -4.7557650e-01   4.3188824e-01
  -4.7557650e-01   4.3204993e-01
  -4.7557650e-01   4.3219024e-01
  -4.7557650e-01   4.3231200e-01
  -4.7557650e-01   4.3241765e-01
  -4.7557650e-01   4.3250930e-01
  -4.7557650e-01   4.3258881e-01
  -4.7557650e-01   4.3265778e-01
   4.2243156e-01   4.3271761e-01
   4.2243156e-01   4.3276950e-01
   4.2243156e-01   4.3281450e-01
   4.2243156e-01   4.2296781e-01
   4.2243156e-01   3.9729044e-01
   4.2243156e-01   3.6000272e-01
   4.2243156e-01   3.1401317e-01
   4.2243156e-01   2.6156524e-01
   4.2243156e-01   2.0453481e-01
   4.2243156e-01   1.4455920e-01
   4.2243156e-01   8.3084329e-02
   4.2243156e-01   2.1374886e-02
   4.2243156e-01  -3.9488596e-02
   4.2243156e-01  -9.8613254e-02
   4.2243156e-01  -1.5529234e-01
   4.2243156e-01  -2.0899691e-01
   4.2243156e-01  -2.5936137e-01
   4.2243156e-01  -3.0616450e-01
   4.2243156e-01  -3.4930795e-01
   4.2243156e-01  -3.8879400e-01
   4.2243156e-01  -4.2470409e-01
   4.2243156e-01  -4.5717906e-01
   4.2243156e-01  -4.8640186e-01
   4.2243156e-01  -5.1258281e-01
   4.2243156e-01  -5.3594759e-01
   4.2243156e-01  -5.5672769e-01
   4.2243156e-01  -5.7515315e-01
   4.2243156e-01  -5.9144717e-01
   4.2243156e-01  -6.0582239e-01
   4.2243156e-01  -6.1847845e-01
   4.2243156e-01  -6.2960056e-01
   4.2243156e-01  -6.3935888e-01
   4.2243156e-01  -6.4790847e-01
   4.2243156e-01  -6.5538967e-01
   4.2243156e-01  -6.6192877e-01
   4.2243156e-01  -6.6763886e-01
   4.2243156e-01  -6.7262077e-01
   4.2243156e-01  -6.7696407e-01
   4.2243156e-01  -6.8074812e-01
   4.2243156e-01  -6.8404299e-01
   4.2243156e-01  -6.8691044e-01
   4.2243156e-01  -6.8940478e-01
   4.2243156e-01  -6.9157369e-01
   4.2243156e-01  -6.9345896e-01
   4.2243156e-01  -6.9509717e-01
   4.2243156e-01  -6.9652030e-01
   4.2243156e-01  -6.9775630e-01
   4.2243156e-01  -6.9882953e-01
   4.2243156e-01  -6.9976126e-01
   4.2243156e-01  -7.0057001e-01
  -7.6516470e-01  -7.0127190e-01
  -7.6516470e-01  -7.0188098e-01
  -7.6516470e-01  -7.0240946e-01
  -7.6516470e-01  -6.7116543e-01
  -7.6516470e-01  -5.9415324e-01
  -7.6516470e-01  -4.9362724e-01
  -7.6516470e-01  -3.8523167e-01
  -7.6516470e-01  -2.7871550e-01
  -7.6516470e-01  -1.7944867e-01
  -7.6516470e-01  -8.9892589e-02
  -7.6516470e-01  -1.0736630e-02
  -7.6516470e-01   5.8321298e-02
  -7.6516470e-01   1.1807873e-01
  -7.6516470e-01   1.6953247e-01
  -7.6516470e-01   2.1371239e-01
  -7.6516470e-01   2.5159514e-01
  -7.6516470e-01   2.8406502e-01
  -7.6516470e-01   3.1190124e-01
  -7.6516470e-01   3.3577913e-01
  -7.6516470e-01   3.5627821e-01
  -7.6516470e-01   3.7389283e-01
  -7.6516470e-01   3.8904339e-01
  -7.6516470e-01   4.0208690e-01
  -7.6516470e-01   4.1332651e-01
  -7.6516470e-01   4.2301982e-01
  -7.6516470e-01   4.3138595e-01
  -7.6516470e-01   4.3861157e-01
  -7.6516470e-01   4.4485599e-01
  -7.6516470e-01   4.5025533e-01
  -7.6516470e-01   4.5492617e-01
  -7.6516470e-01   4.5896842e-01
  -7.6516470e-01   4.6246790e-01
  -7.6516470e-01   4.6549839e-01
  -7.6516470e-01   4.6812339e-01
  -7.6516470e-01   4.7039764e-01
  -7.6516470e-01   4.7236835e-01
  -7.6516470e-01   4.7407628e-01
  -7.6516470e-01   4.7555664e-01
  -7.6516470e-01   4.7683988e-01
  -7.6516470e-01   4.7795234e-01
  -7.6516470e-01   4.7891679e-01
  -7.6516470e-01   4.7975298e-01
  -7.6516470e-01   4.8047797e-01
  -7.6516470e-01   4.8110658e-01
  -7.6516470e-01   4.8165163e-01
  -7.6516470e-01   4.8212423e-01
  -7.6516470e-01   4.8253402e-01
  -7.6516470e-01   4.8288934e-01
  -7.6516470e-01   4.8319743e-01
  -7.6516470e-01   4.8346456e-01
  -3.6244340e-01   4.8369619e-01
  -3.6244340e-01   4.8389703e-01
  -3.6244340e-01   4.8407117e-01
  -3.6244340e-01   4.8279364e-01
  -3.6244340e-01   4.7930423e-01
  -3.6244340e-01   4.7438876e-01
  -3.6244340e-01   4.6861599e-01
  -3.6244340e-01   4.6239857e-01
  -3.6244340e-01   4.5603421e-01
  -3.6244340e-01   4.4973455e-01
  -3.6244340e-01   4.4364621e-01
  -3.6244340e-01   4.3786664e-01
  -3.6244340e-01   4.3245620e-01
  -3.6244340e-01   4.2744755e-01
  -3.6244340e-01   4.2285295e-01
  -3.6244340e-01   4.1866998e-01
  -3.6244340e-01   4.1488590e-01
  -3.6244340e-01   4.1148113e-01
  -3.6244340e-01   4.0843175e-01
  -3.6244340e-01   4.0571151e-01
  -3.6244340e-01   4.0329322e-01
  -3.6244340e-01   4.0114975e-01
  -3.6244340e-01   3.9925483e-01
  -3.6244340e-01   3.9758344e-01
  -3.6244340e-01   3.9611214e-01
  -3.6244340e-01   3.9481924e-01
  -3.6244340e-01   3.9368487e-01
  -3.6244340e-01   3.9269092e-01
  -3.6244340e-01   3.9182107e-01
  -3.6244340e-01   3.9106061e-01
  -3.6244340e-01   3.9039642e-01
  -3.6244340e-01   3.8981679e-01
  -3.6244340e-01   3.8931132e-01
  -3.6244340e-01   3.8887081e-01
  -3.6244340e-01   3.8848713e-01
  -3.6244340e-01   3.8815312e-01
  -3.6244340e-01   3.8786249e-01
  -3.6244340e-01   3.8760971e-01
  -3.6244340e-01   3.8738991e-01
  -3.6244340e-01   3.8719887e-01
  -3.6244340e-01   3.8703286e-01
  -3.6244340e-01   3.8688865e-01
  -3.6244340e-01   3.8676339e-01
  -3.6244340e-01   3.8665463e-01
  -3.6244340e-01   3.8656020e-01
  -3.6244340e-01   3.8647823e-01
  -3.6244340e-01   3.8640708e-01
  -3.6244340e-01   3.8634534e-01
  -3.6244340e-01   3.8629177e-01
  -3.6244340e-01   3.8624528e-01
   1.5716569e-02   3.8620495e-01
   1.5716569e-02   3.8616997e-01
   1.5716569e-02   3.8613963e-01
   1.5716569e-02   3.8114594e-01
   1.5716569e-02   3.6841087e-01
   1.5716569e-02   3.5044271e-01
   1.5716569e-02   3.2904402e-01
   1.5716569e-02   3.0556017e-01
   1.5716569e-02   2.8101703e-01
   1.5716569e-02   2.5620163e-01
   1.5716569e-02   2.3171316e-01
   1.5716569e-02   2.0799846e-01
   1.5716569e-02   1.8537909e-01
   1.5716569e-02   1.6407368e-01
   1.5716569e-02   1.4421706e-01
   1.5716569e-02   1.2587700e-01
   1.5716569e-02   1.0906881e-01
   1.5716569e-02   9.3767975e-02
   1.5716569e-02   7.9920761e-02
   1.5716569e-02   6.7453123e-02
   1.5716569e-02   5.6277878e-02
   1.5716569e-02   4.6300418e-02
   1.5716569e-02   3.7423121e-02
   1.5716569e-02   2.9548670e-02
   1.5716569e-02   2.2582454e-02
   1.5716569e-02   1.6434237e-02
   1.5716569e-02   1.1019232e-02
   1.5716569e-02   6.2587339e-03
   1.5716569e-02   2.0803923e-03
   1.5716569e-02  -1.5817556e-03
   1.5716569e-02  -4.7874405e-03
   1.5716569e-02  -7.5904385e-03
   1.5716569e-02  -1.0038927e-02
   1.5716569e-02  -1.2175886e-02
   1.5716569e-02  -1.4039521e-02
   1.5716569e-02  -1.5663690e-02
   1.5716569e-02  -1.7078311e-02
   1.5716569e-02  -1.8309767e-02
   1.5716569e-02  -1.9381269e-02
   1.5716569e-02  -2.0313206e-02
   1.5716569e-02  -2.1123457e-02
   1.5716569e-02  -2.1827681e-02
   1.5716569e-02  -2.2439575e-02
   1.5716569e-02  -2.2971108e-02
   1.5716569e-02  -2.3432729e-02
   1.5716569e-02  -2.3833551e-02
   1.5716569e-02  -2.4181521e-02
   1.5716569e-02  -2.4483559e-02
   1.5716569e-02  -2.4745691e-02
   1.5716569e-02  -2.4973161e-02
