  -1.0000000e+00   4.9741216e-01
  -9.5000000e-01   4.9580926e-01
  -9.0000000e-01   4.9377992e-01
  -8.5000000e-01   4.9121181e-01
  -8.0000000e-01   4.8796368e-01
  -7.5000000e-01   4.8385843e-01
  -7.0000000e-01   4.7867461e-01
  -6.5000000e-01   4.7213655e-01
  -6.0000000e-01   4.6390297e-01
  -5.5000000e-01   4.5355443e-01
  -5.0000000e-01   4.4058053e-01
  -4.5000000e-01   4.2436846e-01
  -4.0000000e-01   4.0419575e-01
  -3.5000000e-01   3.7923210e-01
  -3.0000000e-01   3.4855697e-01
  -2.5000000e-01   3.1120217e-01
  -2.0000000e-01   2.6622897e-01
  -1.5000000e-01   2.1284677e-01
  -1.0000000e-01   1.5057151e-01
  -5.0000000e-02   7.9405533e-02
   0.0000000e+00   0.0000000e+00
   5.0000000e-02  -8.6254628e-02
   1.0000000e-01  -1.7726214e-01
   1.5000000e-01  -2.7040068e-01
   2.0000000e-01  -3.6282295e-01
   2.5000000e-01  -4.5180482e-01
   3.0000000e-01  -5.3505365e-01
   3.5000000e-01  -6.1090803e-01
   4.0000000e-01  -6.7840361e-01
   4.5000000e-01  -7.3722240e-01
   5.0000000e-01  -7.8756740e-01
   5.5000000e-01  -8.3000842e-01
   6.0000000e-01  -8.6533396e-01
   6.5000000e-01  -8.9442933e-01
   7.0000000e-01  -9.1818778e-01
   7.5000000e-01  -9.3745293e-01
   8.0000000e-01  -9.5298647e-01
   8.5000000e-01  -9.6545441e-01
   9.0000000e-01  -9.7542541e-01
   9.5000000e-01  -9.8337638e-01
   1.0000000e+00  -9.8970193e-01
