   1.0000000e+00   0.0000000e+00
   2.0000000e+00   0.0000000e+00
   3.0000000e+00   0.0000000e+00
   4.0000000e+00  -9.5932909e-03
   5.0000000e+00  -3.4207284e-02
   6.0000000e+00  -6.9113685e-02
   7.0000000e+00  -1.1092799e-01
   8.0000000e+00  -1.5710680e-01
   9.0000000e+00  -2.0568125e-01
   1.0000000e+01  -2.5510913e-01
   1.1000000e+01  -3.0418685e-01
   1.2000000e+01  -3.5199109e-01
   1.3000000e+01  -3.9783511e-01
   1.4000000e+01  -4.4123215e-01
   1.5000000e+01  -4.8186291e-01
   1.6000000e+01  -5.1954578e-01
   1.7000000e+01  -5.5420984e-01
   1.8000000e+01  -5.8587061e-01
   1.9000000e+01  -6.1460887e-01
   2.0000000e+01  -6.4055250e-01
   2.1000000e+01  -6.6386139e-01
   2.2000000e+01  -6.8471517e-01
   2.3000000e+01  -7.0330344e-01
   2.4000000e+01  -7.1981840e-01
   2.5000000e+01  -7.3444920e-01
   2.6000000e+01  -7.4737802e-01
   2.7000000e+01  -7.5877738e-01
   2.8000000e+01  -7.6880845e-01
   2.9000000e+01  -7.7762016e-01
   3.0000000e+01  -7.8534887e-01
   3.1000000e+01  -7.9211854e-01
   3.2000000e+01  -7.9804110e-01
   3.3000000e+01  -8.0321710e-01
   3.4000000e+01  -8.0773644e-01
   3.5000000e+01  -8.1167918e-01
   3.6000000e+01  -8.1511639e-01
   3.7000000e+01  -8.1811097e-01
   3.8000000e+01  -8.2071844e-01
   3.9000000e+01  -8.2298770e-01
   4.0000000e+01  -8.2496174e-01
   4.1000000e+01  -8.2667829e-01
   4.2000000e+01  -8.2817043e-01
   4.3000000e+01  -8.2946709e-01
   4.4000000e+01  -8.3059358e-01
   4.5000000e+01  -8.3157198e-01
   4.6000000e+01  -8.3242159e-01
   4.7000000e+01  -8.3315922e-01
   4.8000000e+01  -8.3379952e-01
   4.9000000e+01  -8.3435525e-01
   5.0000000e+01  -8.3483752e-01
   5.1000000e+01  -8.3525599e-01
   5.2000000e+01  -8.3561905e-01
   5.3000000e+01  -8.3593403e-01
   5.4000000e+01  -8.0202813e-01
   5.5000000e+01  -7.1881973e-01
   5.6000000e+01  -6.1030442e-01
   5.7000000e+01  -4.9334327e-01
   5.8000000e+01  -3.7843890e-01
   5.9000000e+01  -2.7137299e-01
   6.0000000e+01  -1.7479274e-01
   6.1000000e+01  -8.9436369e-02
   6.2000000e+01  -1.4974523e-02
   6.3000000e+01   4.9455230e-02
   6.4000000e+01   1.0492938e-01
   6.5000000e+01   1.5255946e-01
   6.6000000e+01   1.9339926e-01
   6.7000000e+01   2.2840270e-01
   6.8000000e+01   2.5841022e-01
   6.9000000e+01   2.8415015e-01
   7.0000000e+01   3.0624741e-01
   7.1000000e+01   3.2523505e-01
   7.2000000e+01   3.4156636e-01
   7.3000000e+01   3.5562626e-01
   7.4000000e+01   3.6774159e-01
   7.5000000e+01   3.7819004e-01
   7.6000000e+01   3.8720786e-01
   7.7000000e+01   3.9499629e-01
   7.8000000e+01   4.0172705e-01
   7.9000000e+01   4.0754690e-01
   8.0000000e+01   4.1258147e-01
   8.1000000e+01   4.1693850e-01
   8.2000000e+01   4.2071048e-01
   8.3000000e+01   4.2397694e-01
   8.4000000e+01   4.2680633e-01
   8.5000000e+01   4.2925765e-01
   8.6000000e+01   4.3138179e-01
   8.7000000e+01   4.3322270e-01
   8.8000000e+01   4.3481831e-01
   8.9000000e+01   4.3620146e-01
   9.0000000e+01   4.3740052e-01
   9.1000000e+01   4.3844006e-01
   9.2000000e+01   4.3934134e-01
   9.3000000e+01   4.4012278e-01
   9.4000000e+01   4.4080033e-01
   9.5000000e+01   4.4138781e-01
   9.6000000e+01   4.4189720e-01
   9.7000000e+01   4.4233888e-01
   9.8000000e+01   4.4272186e-01
   9.9000000e+01   4.4305393e-01
   1.0000000e+02   4.4334187e-01
   1.0100000e+02   4.4359153e-01
   1.0200000e+02   4.4380800e-01
   1.0300000e+02   4.4399569e-01
   1.0400000e+02   4.4486570e-01
   1.0500000e+02   4.4678654e-01
   1.0600000e+02   4.4935131e-01
   1.0700000e+02   4.5226600e-01
   1.0800000e+02   4.5532300e-01
   1.0900000e+02   4.5837954e-01
   1.1000000e+02   4.6134083e-01
   1.1100000e+02   4.6414699e-01
   1.1200000e+02   4.6676319e-01
   1.1300000e+02   4.6917228e-01
   1.1400000e+02   4.7136937e-01
   1.1500000e+02   4.7335778e-01
   1.1600000e+02   4.7514620e-01
   1.1700000e+02   4.7674657e-01
   1.1800000e+02   4.7817262e-01
   1.1900000e+02   4.7943883e-01
   1.2000000e+02   4.8055976e-01
   1.2100000e+02   4.8154954e-01
   1.2200000e+02   4.8242161e-01
   1.2300000e+02   4.8318851e-01
   1.2400000e+02   4.8386181e-01
   1.2500000e+02   4.8445210e-01
   1.2600000e+02   4.8496897e-01
   1.2700000e+02   4.8542105e-01
   1.2800000e+02   4.8581607e-01
   1.2900000e+02   4.8616096e-01
   1.3000000e+02   4.8646183e-01
   1.3100000e+02   4.8672414e-01
   1.3200000e+02   4.8695269e-01
   1.3300000e+02   4.8715172e-01
   1.3400000e+02   4.8732496e-01
   1.3500000e+02   4.8747568e-01
   1.3600000e+02   4.8760678e-01
   1.3700000e+02   4.8772076e-01
   1.3800000e+02   4.8781982e-01
   1.3900000e+02   4.8790591e-01
   1.4000000e+02   4.8798069e-01
   1.4100000e+02   4.8804564e-01
   1.4200000e+02   4.8810205e-01
   1.4300000e+02   4.8815102e-01
   1.4400000e+02   4.8819353e-01
   1.4500000e+02   4.8823043e-01
   1.4600000e+02   4.8826245e-01
   1.4700000e+02   4.8829024e-01
   1.4800000e+02   4.8831435e-01
   1.4900000e+02   4.8833527e-01
   1.5000000e+02   4.8835342e-01
   1.5100000e+02   4.8836916e-01
   1.5200000e+02   4.8838281e-01
   1.5300000e+02   4.8839466e-01
   1.5400000e+02   4.7745877e-01
   1.5500000e+02   4.4880003e-01
   1.5600000e+02   4.0670752e-01
   1.5700000e+02   3.5403502e-01
   1.5800000e+02   2.9299285e-01
   1.5900000e+02   2.2550321e-01
   1.6000000e+02   1.5334454e-01
   1.6100000e+02   7.8190622e-02
   1.6200000e+02   1.5997526e-03
   1.6300000e+02  -7.5014758e-02
   1.6400000e+02  -1.5041498e-01
   1.6500000e+02  -2.2356034e-01
   1.6600000e+02  -2.9361753e-01
   1.6700000e+02  -3.5995818e-01
   1.6800000e+02  -4.2214632e-01
   1.6900000e+02  -4.7991848e-01
   1.7000000e+02  -5.3315933e-01
   1.7100000e+02  -5.8187570e-01
   1.7200000e+02  -6.2617088e-01
   1.7300000e+02  -6.6622079e-01
   1.7400000e+02  -7.0225285e-01
   1.7500000e+02  -7.3452799e-01
   1.7600000e+02  -7.6332585e-01
   1.7700000e+02  -7.8893309e-01
   1.7800000e+02  -8.1163441e-01
   1.7900000e+02  -8.3170593e-01
   1.8000000e+02  -8.4941059e-01
   1.8100000e+02  -8.6499516e-01
   1.8200000e+02  -8.7868849e-01
   1.8300000e+02  -8.9070077e-01
   1.8400000e+02  -9.0122348e-01
   1.8500000e+02  -9.1042984e-01
   1.8600000e+02  -9.1847572e-01
   1.8700000e+02  -9.2550061e-01
   1.8800000e+02  -9.3162888e-01
   1.8900000e+02  -9.3697096e-01
   1.9000000e+02  -9.4162465e-01
   1.9100000e+02  -9.4567633e-01
   1.9200000e+02  -9.4920206e-01
   1.9300000e+02  -9.5226875e-01
   1.9400000e+02  -9.5493512e-01
   1.9500000e+02  -9.5725260e-01
   1.9600000e+02  -9.5926624e-01
   1.9700000e+02  -9.6101540e-01
   1.9800000e+02  -9.6253446e-01
   1.9900000e+02  -9.6385340e-01
   2.0000000e+02  -9.6499838e-01
   2.0100000e+02  -9.6599219e-01
   2.0200000e+02  -9.6685466e-01
   2.0300000e+02  -9.6760304e-01
   2.0400000e+02  -9.5473448e-01
   2.0500000e+02  -9.2159101e-01
   2.0600000e+02  -8.7656114e-01
   2.0700000e+02  -8.2569888e-01
   2.0800000e+02  -7.7313958e-01
   2.0900000e+02  -7.2155983e-01
   2.1000000e+02  -6.7258417e-01
   2.1100000e+02  -6.2710828e-01
   2.1200000e+02  -5.8554028e-01
   2.1300000e+02  -5.4797335e-01
   2.1400000e+02  -5.1430569e-01
   2.1500000e+02  -4.8432179e-01
   2.1600000e+02  -4.5774621e-01
   2.1700000e+02  -4.3427850e-01
   2.1800000e+02  -4.1361502e-01
   2.1900000e+02  -3.9546229e-01
   2.2000000e+02  -3.7954444e-01
   2.2100000e+02  -3.6560707e-01
   2.2200000e+02  -3.5341867e-01
   2.2300000e+02  -3.4277058e-01
   2.2400000e+02  -3.3347609e-01
   2.2500000e+02  -3.2536902e-01
   2.2600000e+02  -3.1830209e-01
   2.2700000e+02  -3.1214519e-01
   2.2800000e+02  -3.0678369e-01
   2.2900000e+02  -3.0211679e-01
   2.3000000e+02  -2.9805603e-01
   2.3100000e+02  -2.9452387e-01
   2.3200000e+02  -2.9145242e-01
   2.3300000e+02  -2.8878232e-01
   2.3400000e+02  -2.8646170e-01
   2.3500000e+02  -2.8444527e-01
   2.3600000e+02  -2.8269351e-01
   2.3700000e+02  -2.8117197e-01
   2.3800000e+02  -2.7985062e-01
   2.3900000e+02  -2.7870330e-01
   2.4000000e+02  -2.7770723e-01
   2.4100000e+02  -2.7684258e-01
   2.4200000e+02  -2.7609210e-01
   2.4300000e+02  -2.7544079e-01
   2.4400000e+02  -2.7487561e-01
   2.4500000e+02  -2.7438520e-01
   2.4600000e+02  -2.7395971e-01
   2.4700000e+02  -2.7359058e-01
   2.4800000e+02  -2.7327036e-01
   2.4900000e+02  -2.7299259e-01
   2.5000000e+02  -2.7275165e-01
   2.5100000e+02  -2.7254268e-01
   2.5200000e+02  -2.7236144e-01
   2.5300000e+02  -2.7220425e-01
   2.5400000e+02  -2.5550273e-01
   2.5500000e+02  -2.1454962e-01
   2.5600000e+02  -1.6034786e-01
   2.5700000e+02  -1.0073469e-01
   2.5800000e+02  -4.0814196e-02
   2.5900000e+02   1.6369981e-02
   2.6000000e+02   6.9200013e-02
   2.6100000e+02   1.1698297e-01
   2.6200000e+02   1.5959167e-01
   2.6300000e+02   1.9722280e-01
   2.6400000e+02   2.3024140e-01
   2.6500000e+02   2.5908497e-01
   2.6600000e+02   2.8420685e-01
   2.6700000e+02   3.0604461e-01
   2.6800000e+02   3.2500386e-01
   2.6900000e+02   3.4145144e-01
   2.7000000e+02   3.5571387e-01
   2.7100000e+02   3.6807881e-01
   2.7200000e+02   3.7879793e-01
   2.7300000e+02   3.8809047e-01
   2.7400000e+02   3.9614686e-01
   2.7500000e+02   4.0313222e-01
   2.7600000e+02   4.0918959e-01
   2.7700000e+02   4.1444279e-01
   2.7800000e+02   4.1899903e-01
   2.7900000e+02   4.2295110e-01
   2.8000000e+02   4.2637936e-01
   2.8100000e+02   4.2935340e-01
   2.8200000e+02   4.3193349e-01
   2.8300000e+02   4.3417189e-01
   2.8400000e+02   4.3611388e-01
   2.8500000e+02   4.3779870e-01
   2.8600000e+02   4.3926042e-01
   2.8700000e+02   4.4052855e-01
   2.8800000e+02   4.4162872e-01
   2.8900000e+02   4.4258315e-01
   2.9000000e+02   4.4341112e-01
   2.9100000e+02   4.4412937e-01
   2.9200000e+02   4.4475242e-01
   2.9300000e+02   4.4529286e-01
   2.9400000e+02   4.4576164e-01
   2.9500000e+02   4.4616824e-01
   2.9600000e+02   4.4652090e-01
   2.9700000e+02   4.4682676e-01
   2.9800000e+02   4.4709203e-01
   2.9900000e+02   4.4732208e-01
   3.0000000e+02   4.4752159e-01
   3.0100000e+02   4.4769460e-01
   3.0200000e+02   4.4784463e-01
   3.0300000e+02   4.4797474e-01
   3.0400000e+02   4.3731398e-01
   3.0500000e+02   4.0929405e-01
   3.0600000e+02   3.6832255e-01
   3.0700000e+02   3.1738549e-01
   3.0800000e+02   2.5879240e-01
   3.0900000e+02   1.9451364e-01
   3.1000000e+02   1.2632088e-01
   3.1100000e+02   5.5830904e-02
   3.1200000e+02  -1.5495214e-02
   3.1300000e+02  -8.6368929e-02
   3.1400000e+02  -1.5569148e-01
   3.1500000e+02  -2.2256396e-01
   3.1600000e+02  -2.8628749e-01
   3.1700000e+02  -3.4635400e-01
   3.1800000e+02  -4.0242942e-01
   3.1900000e+02  -4.5433187e-01
   3.2000000e+02  -5.0200738e-01
   3.2100000e+02  -5.4550521e-01
   3.2200000e+02  -5.8495431e-01
   3.2300000e+02  -6.2054215e-01
   3.2400000e+02  -6.5249619e-01
   3.2500000e+02  -6.8106856e-01
   3.2600000e+02  -7.0652355e-01
   3.2700000e+02  -7.2912793e-01
   3.2800000e+02  -7.4914362e-01
   3.2900000e+02  -7.6682245e-01
   3.3000000e+02  -7.8240260e-01
   3.3100000e+02  -7.9610632e-01
   3.3200000e+02  -8.0813884e-01
   3.3300000e+02  -8.1868793e-01
   3.3400000e+02  -8.2792409e-01
   3.3500000e+02  -8.3600121e-01
   3.3600000e+02  -8.4305742e-01
   3.3700000e+02  -8.4921613e-01
   3.3800000e+02  -8.5458716e-01
   3.3900000e+02  -8.5926795e-01
   3.4000000e+02  -8.6334466e-01
   3.4100000e+02  -8.6689330e-01
   3.4200000e+02  -8.6998077e-01
   3.4300000e+02  -8.7266587e-01
   3.4400000e+02  -8.7500015e-01
   3.4500000e+02  -8.7702879e-01
   3.4600000e+02  -8.7879127e-01
   3.4700000e+02  -8.8032214e-01
   3.4800000e+02  -8.8165153e-01
   3.4900000e+02  -8.8280572e-01
   3.5000000e+02  -8.8380762e-01
   3.5100000e+02  -8.8467720e-01
   3.5200000e+02  -8.8543182e-01
   3.5300000e+02  -8.8608660e-01
   3.5400000e+02  -8.4802815e-01
   3.5500000e+02  -7.5451301e-01
   3.5600000e+02  -6.3312781e-01
   3.5700000e+02  -5.0315939e-01
   3.5800000e+02  -3.7643798e-01
   3.5900000e+02  -2.5929305e-01
   3.6000000e+02  -1.5445478e-01
   3.6100000e+02  -6.2509235e-02
   3.6200000e+02   1.7117962e-02
   3.6300000e+02   8.5549372e-02
   3.6400000e+02   1.4409970e-01
   3.6500000e+02   1.9408294e-01
   3.6600000e+02   2.3671764e-01
   3.6700000e+02   2.7308824e-01
   3.6800000e+02   3.0413676e-01
   3.6900000e+02   3.3066971e-01
   3.7000000e+02   3.5337174e-01
   3.7100000e+02   3.7282133e-01
   3.7200000e+02   3.8950618e-01
   3.7300000e+02   4.0383729e-01
   3.7400000e+02   4.1616122e-01
   3.7500000e+02   4.2677060e-01
   3.7600000e+02   4.3591295e-01
   3.7700000e+02   4.4379810e-01
   3.7800000e+02   4.5060425e-01
   3.7900000e+02   4.5648310e-01
   3.8000000e+02   4.6156406e-01
   3.8100000e+02   4.6595770e-01
   3.8200000e+02   4.6975872e-01
   3.8300000e+02   4.7304832e-01
   3.8400000e+02   4.7589624e-01
   3.8500000e+02   4.7836249e-01
   3.8600000e+02   4.8049871e-01
   3.8700000e+02   4.8234942e-01
   3.8800000e+02   4.8395306e-01
   3.8900000e+02   4.8534279e-01
   3.9000000e+02   4.8654729e-01
   3.9100000e+02   4.8759133e-01
   3.9200000e+02   4.8849635e-01
   3.9300000e+02   4.8928092e-01
   3.9400000e+02   4.8996109e-01
   3.9500000e+02   4.9055078e-01
   3.9600000e+02   4.9106204e-01
   3.9700000e+02   4.9150530e-01
   3.9800000e+02   4.9188962e-01
   3.9900000e+02   4.9222283e-01
   4.0000000e+02   4.9251174e-01
   4.0100000e+02   4.9276223e-01
   4.0200000e+02   4.9297942e-01
   4.0300000e+02   4.9316772e-01
   4.0400000e+02   4.8444231e-01
   4.0500000e+02   4.6146829e-01
   4.0600000e+02   4.2803970e-01
   4.0700000e+02   3.8676754e-01
   4.0800000e+02   3.3966469e-01
   4.0900000e+02   2.8841488e-01
   4.1000000e+02   2.3448916e-01
   4.1100000e+02   1.7918832e-01
   4.1200000e+02   1.2365171e-01
   4.1300000e+02   6.8854217e-02
   4.1400000e+02   1.5602657e-02
   4.1500000e+02  -3.5463236e-02
   4.1600000e+02  -8.3863683e-02
   4.1700000e+02  -1.2926609e-01
   4.1800000e+02  -1.7146817e-01
   4.1900000e+02  -2.1037866e-01
   4.2000000e+02  -2.4599735e-01
   4.2100000e+02  -2.7839577e-01
   4.2200000e+02  -3.0769936e-01
   4.2300000e+02  -3.3407184e-01
   4.2400000e+02  -3.5770190e-01
   4.2500000e+02  -3.7879232e-01
   4.2600000e+02  -3.9755134e-01
   4.2700000e+02  -4.1418604e-01
   4.2800000e+02  -4.2889747e-01
   4.2900000e+02  -4.4187725e-01
   4.3000000e+02  -4.5330535e-01
   4.3100000e+02  -4.6334881e-01
   4.3200000e+02  -4.7216109e-01
   4.3300000e+02  -4.7988209e-01
   4.3400000e+02  -4.8663846e-01
   4.3500000e+02  -4.9254417e-01
   4.3600000e+02  -4.9770129e-01
   4.3700000e+02  -5.0220083e-01
   4.3800000e+02  -5.0612368e-01
   4.3900000e+02  -5.0954146e-01
   4.4000000e+02  -5.1251745e-01
   4.4100000e+02  -5.1510742e-01
   4.4200000e+02  -5.1736041e-01
   4.4300000e+02  -5.1931947e-01
   4.4400000e+02  -5.2102235e-01
   4.4500000e+02  -5.2250208e-01
   4.4600000e+02  -5.2378755e-01
   4.4700000e+02  -5.2490399e-01
   4.4800000e+02  -5.2587342e-01
   4.4900000e+02  -5.2671503e-01
   4.5000000e+02  -5.2744556e-01
   4.5100000e+02  -5.2807957e-01
   4.5200000e+02  -5.2862974e-01
   4.5300000e+02  -5.2910711e-01
   4.5400000e+02  -5.2945234e-01
   4.5500000e+02  -5.2963770e-01
   4.5600000e+02  -5.2970962e-01
   4.5700000e+02  -5.2970283e-01
   4.5800000e+02  -5.2964311e-01
   4.5900000e+02  -5.2954941e-01
   4.6000000e+02  -5.2943554e-01
   4.6100000e+02  -5.2931141e-01
   4.6200000e+02  -5.2918400e-01
   4.6300000e+02  -5.2905815e-01
   4.6400000e+02  -5.2893705e-01
   4.6500000e+02  -5.2882273e-01
   4.6600000e+02  -5.2871635e-01
   4.6700000e+02  -5.2861847e-01
   4.6800000e+02  -5.2852921e-01
   4.6900000e+02  -5.2844839e-01
   4.7000000e+02  -5.2837566e-01
   4.7100000e+02  -5.2831053e-01
   4.7200000e+02  -5.2825244e-01
   4.7300000e+02  -5.2820083e-01
   4.7400000e+02  -5.2815510e-01
   4.7500000e+02  -5.2811469e-01
   4.7600000e+02  -5.2807907e-01
   4.7700000e+02  -5.2804772e-01
   4.7800000e+02  -5.2802018e-01
   4.7900000e+02  -5.2799603e-01
   4.8000000e+02  -5.2797487e-01
   4.8100000e+02  -5.2795636e-01
   4.8200000e+02  -5.2794018e-01
   4.8300000e+02  -5.2792605e-01
   4.8400000e+02  -5.2791372e-01
   4.8500000e+02  -5.2790297e-01
   4.8600000e+02  -5.2789360e-01
   4.8700000e+02  -5.2788544e-01
   4.8800000e+02  -5.2787834e-01
   4.8900000e+02  -5.2787216e-01
   4.9000000e+02  -5.2786678e-01
   4.9100000e+02  -5.2786211e-01
   4.9200000e+02  -5.2785804e-01
   4.9300000e+02  -5.2785451e-01
   4.9400000e+02  -5.2785144e-01
   4.9500000e+02  -5.2784878e-01
   4.9600000e+02  -5.2784647e-01
   4.9700000e+02  -5.2784446e-01
   4.9800000e+02  -5.2784271e-01
   4.9900000e+02  -5.2784120e-01
   5.0000000e+02  -5.2783989e-01
   5.0100000e+02  -5.2783875e-01
   5.0200000e+02  -5.2783776e-01
   5.0300000e+02  -5.2783690e-01
   5.0400000e+02  -5.2137695e-01
   5.0500000e+02  -5.0520140e-01
   5.0600000e+02  -4.8319194e-01
   5.0700000e+02  -4.5815469e-01
   5.0800000e+02  -4.3203884e-01
   5.0900000e+02  -4.0614433e-01
   5.1000000e+02  -3.8129673e-01
   5.1100000e+02  -3.5798485e-01
   5.1200000e+02  -3.3646444e-01
   5.1300000e+02  -3.1683404e-01
   5.1400000e+02  -2.9908929e-01
   5.1500000e+02  -2.8316113e-01
   5.1600000e+02  -2.6894216e-01
   5.1700000e+02  -2.5630465e-01
   5.1800000e+02  -2.4511256e-01
   5.1900000e+02  -2.3522933e-01
   5.2000000e+02  -2.2652286e-01
   5.2100000e+02  -2.1886841e-01
   5.2200000e+02  -2.1215026e-01
   5.2300000e+02  -2.0626237e-01
   5.2400000e+02  -2.0110851e-01
   5.2500000e+02  -1.9660197e-01
   5.2600000e+02  -1.9266511e-01
   5.2700000e+02  -1.8922870e-01
   5.2800000e+02  -1.8623126e-01
   5.2900000e+02  -1.8361836e-01
   5.3000000e+02  -1.8134194e-01
   5.3100000e+02  -1.7935966e-01
   5.3200000e+02  -1.7763427e-01
   5.3300000e+02  -1.7613308e-01
   5.3400000e+02  -1.7482742e-01
   5.3500000e+02  -1.7369219e-01
   5.3600000e+02  -1.7270542e-01
   5.3700000e+02  -1.7184791e-01
   5.3800000e+02  -1.7110292e-01
   5.3900000e+02  -1.7045581e-01
   5.4000000e+02  -1.6989383e-01
   5.4100000e+02  -1.6940587e-01
   5.4200000e+02  -1.6898224e-01
   5.4300000e+02  -1.6861451e-01
   5.4400000e+02  -1.6829535e-01
   5.4500000e+02  -1.6801837e-01
   5.4600000e+02  -1.6777803e-01
   5.4700000e+02  -1.6756949e-01
   5.4800000e+02  -1.6738857e-01
   5.4900000e+02  -1.6723162e-01
   5.5000000e+02  -1.6709547e-01
   5.5100000e+02  -1.6697738e-01
   5.5200000e+02  -1.6687495e-01
   5.5300000e+02  -1.6678611e-01
   5.5400000e+02  -1.7444820e-01
   5.5500000e+02  -1.9413387e-01
   5.5600000e+02  -2.2183988e-01
   5.5700000e+02  -2.5468162e-01
   5.5800000e+02  -2.9052197e-01
   5.5900000e+02  -3.2775577e-01
   5.6000000e+02  -3.6517678e-01
   5.6100000e+02  -4.0188925e-01
   5.6200000e+02  -4.3724437e-01
   5.6300000e+02  -4.7079144e-01
   5.6400000e+02  -5.0223824e-01
   5.6500000e+02  -5.3141810e-01
   5.6600000e+02  -5.5826208e-01
   5.6700000e+02  -5.8277562e-01
   5.6800000e+02  -6.0501898e-01
   5.6900000e+02  -6.2509132e-01
   5.7000000e+02  -6.4311770e-01
   5.7100000e+02  -6.5923884e-01
   5.7200000e+02  -6.7360325e-01
   5.7300000e+02  -6.8636118e-01
   5.7400000e+02  -6.9766026e-01
   5.7500000e+02  -7.0764244e-01
   5.7600000e+02  -7.1644191e-01
   5.7700000e+02  -7.2418383e-01
   5.7800000e+02  -7.3098374e-01
   5.7900000e+02  -7.3694729e-01
   5.8000000e+02  -7.4217043e-01
   5.8100000e+02  -7.4673974e-01
   5.8200000e+02  -7.5073294e-01
   5.8300000e+02  -7.5421946e-01
   5.8400000e+02  -7.5726115e-01
   5.8500000e+02  -7.5991287e-01
   5.8600000e+02  -7.6222314e-01
   5.8700000e+02  -7.6423481e-01
   5.8800000e+02  -7.6598560e-01
   5.8900000e+02  -7.6750867e-01
   5.9000000e+02  -7.6883313e-01
   5.9100000e+02  -7.6998447e-01
   5.9200000e+02  -7.7098502e-01
   5.9300000e+02  -7.7185429e-01
   5.9400000e+02  -7.7260932e-01
   5.9500000e+02  -7.7326499e-01
   5.9600000e+02  -7.7383426e-01
   5.9700000e+02  -7.7432843e-01
   5.9800000e+02  -7.7475735e-01
   5.9900000e+02  -7.7512958e-01
   6.0000000e+02  -7.7545257e-01
   6.0100000e+02  -7.7573282e-01
   6.0200000e+02  -7.7597594e-01
   6.0300000e+02  -7.7618685e-01
   6.0400000e+02  -7.7419082e-01
   6.0500000e+02  -7.6886330e-01
   6.0600000e+02  -7.6146738e-01
   6.0700000e+02  -7.5291867e-01
   6.0800000e+02  -7.4386643e-01
   6.0900000e+02  -7.3475943e-01
   6.1000000e+02  -7.2589789e-01
   6.1100000e+02  -7.1747354e-01
   6.1200000e+02  -7.0959997e-01
   6.1300000e+02  -7.0233540e-01
   6.1400000e+02  -6.9569957e-01
   6.1500000e+02  -6.8968609e-01
   6.1600000e+02  -6.8427151e-01
   6.1700000e+02  -6.7942180e-01
   6.1800000e+02  -6.7509696e-01
   6.1900000e+02  -6.7125427e-01
   6.2000000e+02  -6.6785052e-01
   6.2100000e+02  -6.6484350e-01
   6.2200000e+02  -6.6219297e-01
   6.2300000e+02  -6.5986121e-01
   6.2400000e+02  -6.5781334e-01
   6.2500000e+02  -6.5601744e-01
   6.2600000e+02  -6.5444454e-01
   6.2700000e+02  -6.5306850e-01
   6.2800000e+02  -6.5186587e-01
   6.2900000e+02  -6.5081573e-01
   6.3000000e+02  -6.4989945e-01
   6.3100000e+02  -6.4910051e-01
   6.3200000e+02  -6.4840431e-01
   6.3300000e+02  -6.4779797e-01
   6.3400000e+02  -6.4727015e-01
   6.3500000e+02  -6.4681088e-01
   6.3600000e+02  -6.4641141e-01
   6.3700000e+02  -6.4606407e-01
   6.3800000e+02  -6.4576215e-01
   6.3900000e+02  -6.4549979e-01
   6.4000000e+02  -6.4527185e-01
   6.4100000e+02  -6.4507387e-01
   6.4200000e+02  -6.4490195e-01
   6.4300000e+02  -6.4475267e-01
   6.4400000e+02  -6.4462308e-01
   6.4500000e+02  -6.4451060e-01
   6.4600000e+02  -6.4441298e-01
   6.4700000e+02  -6.4432827e-01
   6.4800000e+02  -6.4425476e-01
   6.4900000e+02  -6.4419099e-01
   6.5000000e+02  -6.4413567e-01
   6.5100000e+02  -6.4408767e-01
   6.5200000e+02  -6.4404604e-01
   6.5300000e+02  -6.4400994e-01
   6.5400000e+02  -6.2131295e-01
   6.5500000e+02  -5.6548266e-01
   6.5600000e+02  -4.9169306e-01
   6.5700000e+02  -4.1073689e-01
   6.5800000e+02  -3.2960335e-01
   6.5900000e+02  -2.5241826e-01
   6.6000000e+02  -1.8133619e-01
   6.6100000e+02  -1.1724336e-01
   6.6200000e+02  -6.0258832e-02
   6.6300000e+02  -1.0069672e-02
   6.6400000e+02   3.3855782e-02
   6.6500000e+02   7.2137876e-02
   6.6600000e+02   1.0541006e-01
   6.6700000e+02   1.3427758e-01
   6.6800000e+02   1.5929720e-01
   6.6900000e+02   1.8096919e-01
   6.7000000e+02   1.9973646e-01
   6.7100000e+02   2.1598733e-01
   6.7200000e+02   2.3006017e-01
   6.7300000e+02   2.4224865e-01
   6.7400000e+02   2.5280701e-01
   6.7500000e+02   2.6195508e-01
   6.7600000e+02   2.6988278e-01
   6.7700000e+02   2.7675419e-01
   6.7800000e+02   2.8271102e-01
   6.7900000e+02   2.8787576e-01
   6.8000000e+02   2.9235429e-01
   6.8100000e+02   2.9623818e-01
   6.8200000e+02   2.9960665e-01
   6.8300000e+02   3.0252829e-01
   6.8400000e+02   3.0506250e-01
   6.8500000e+02   3.0726071e-01
   6.8600000e+02   3.0916752e-01
   6.8700000e+02   3.1082157e-01
   6.8800000e+02   3.1225636e-01
   6.8900000e+02   3.1350094e-01
   6.9000000e+02   3.1458053e-01
   6.9100000e+02   3.1551697e-01
   6.9200000e+02   3.1632923e-01
   6.9300000e+02   3.1703377e-01
   6.9400000e+02   3.1764484e-01
   6.9500000e+02   3.1817484e-01
   6.9600000e+02   3.1863450e-01
   6.9700000e+02   3.1903316e-01
   6.9800000e+02   3.1937890e-01
   6.9900000e+02   3.1967873e-01
   7.0000000e+02   3.1993874e-01
   7.0100000e+02   3.2016423e-01
   7.0200000e+02   3.2035975e-01
   7.0300000e+02   3.2052931e-01
   7.0400000e+02   3.0997200e-01
   7.0500000e+02   2.8234508e-01
   7.0600000e+02   2.4237874e-01
   7.0700000e+02   1.9336795e-01
   7.0800000e+02   1.3784321e-01
   7.0900000e+02   7.7885237e-02
   7.1000000e+02   1.5267428e-02
   7.1100000e+02  -4.8484990e-02
   7.1200000e+02  -1.1207324e-01
   7.1300000e+02  -1.7441689e-01
   7.1400000e+02  -2.3464718e-01
   7.1500000e+02  -2.9209666e-01
   7.1600000e+02  -3.4628366e-01
   7.1700000e+02  -3.9689226e-01
   7.1800000e+02  -4.4374943e-01
   7.1900000e+02  -4.8680098e-01
   7.2000000e+02  -5.2608794e-01
   7.2100000e+02  -5.6172453e-01
   7.2200000e+02  -5.9387845e-01
   7.2300000e+02  -6.2275397e-01
   7.2400000e+02  -6.4857782e-01
   7.2500000e+02  -6.7158794e-01
   7.2600000e+02  -6.9202458e-01
   7.2700000e+02  -7.1012375e-01
   7.2800000e+02  -7.2611241e-01
   7.2900000e+02  -7.4020529e-01
   7.3000000e+02  -7.5260282e-01
   7.3100000e+02  -7.6349011e-01
   7.3200000e+02  -7.7303656e-01
   7.3300000e+02  -7.8139609e-01
   7.3400000e+02  -7.8870758e-01
   7.3500000e+02  -7.9509578e-01
   7.3600000e+02  -8.0067213e-01
   7.3700000e+02  -8.0553587e-01
   7.3800000e+02  -8.0977503e-01
   7.3900000e+02  -8.1346749e-01
   7.4000000e+02  -8.1668198e-01
   7.4100000e+02  -8.1947898e-01
   7.4200000e+02  -8.2191167e-01
   7.4300000e+02  -8.2402669e-01
   7.4400000e+02  -8.2586491e-01
   7.4500000e+02  -8.2746208e-01
   7.4600000e+02  -8.2884945e-01
   7.4700000e+02  -8.3005429e-01
   7.4800000e+02  -8.3110040e-01
   7.4900000e+02  -8.3200853e-01
   7.5000000e+02  -8.3279676e-01
   7.5100000e+02  -8.3348082e-01
   7.5200000e+02  -8.3407439e-01
   7.5300000e+02  -8.3458940e-01
   7.5400000e+02  -8.3699584e-01
   7.5500000e+02  -8.4233818e-01
   7.5600000e+02  -8.4952628e-01
   7.5700000e+02  -8.5777088e-01
   7.5800000e+02  -8.6650550e-01
   7.5900000e+02  -8.7532968e-01
   7.6000000e+02  -8.8396679e-01
   7.6100000e+02  -8.9223248e-01
   7.6200000e+02  -9.0001071e-01
   7.6300000e+02  -9.0723557e-01
   7.6400000e+02  -9.1387742e-01
   7.6500000e+02  -9.1993238e-01
   7.6600000e+02  -9.2541437e-01
   7.6700000e+02  -9.3034913e-01
   7.6800000e+02  -9.3476982e-01
   7.6900000e+02  -9.3871371e-01
   7.7000000e+02  -9.4221983e-01
   7.7100000e+02  -9.4532733e-01
   7.7200000e+02  -9.4807430e-01
   7.7300000e+02  -9.5049705e-01
   7.7400000e+02  -9.5262957e-01
   7.7500000e+02  -9.5450339e-01
   7.7600000e+02  -9.5614737e-01
   7.7700000e+02  -9.5758776e-01
   7.7800000e+02  -9.5884829e-01
   7.7900000e+02  -9.5995027e-01
   7.8000000e+02  -9.6091274e-01
   7.8100000e+02  -9.6175269e-01
   7.8200000e+02  -9.6248518e-01
   7.8300000e+02  -9.6312355e-01
   7.8400000e+02  -9.6367957e-01
   7.8500000e+02  -9.6416363e-01
   7.8600000e+02  -9.6458484e-01
   7.8700000e+02  -9.6495121e-01
   7.8800000e+02  -9.6526978e-01
   7.8900000e+02  -9.6554670e-01
   7.9000000e+02  -9.6578733e-01
   7.9100000e+02  -9.6599638e-01
   7.9200000e+02  -9.6617796e-01
   7.9300000e+02  -9.6633564e-01
   7.9400000e+02  -9.6647254e-01
   7.9500000e+02  -9.6659138e-01
   7.9600000e+02  -9.6669453e-01
   7.9700000e+02  -9.6678405e-01
   7.9800000e+02  -9.6686174e-01
   7.9900000e+02  -9.6692914e-01
   8.0000000e+02  -9.6698761e-01
   8.0100000e+02  -9.6703834e-01
   8.0200000e+02  -9.6708235e-01
   8.0300000e+02  -9.6712052e-01
   8.0400000e+02  -9.4504492e-01
   8.0500000e+02  -8.9039217e-01
   8.0600000e+02  -8.1757006e-01
   8.0700000e+02  -7.3688536e-01
   8.0800000e+02  -6.5514671e-01
   8.0900000e+02  -5.7651546e-01
   8.1000000e+02  -5.0329756e-01
   8.1100000e+02  -4.3657151e-01
   8.1200000e+02  -3.7664444e-01
   8.1300000e+02  -3.2336501e-01
   8.1400000e+02  -2.7632917e-01
   8.1500000e+02  -2.3501069e-01
   8.1600000e+02  -1.9884109e-01
   8.1700000e+02  -1.6725640e-01
   8.1800000e+02  -1.3972291e-01
   8.1900000e+02  -1.1574992e-01
   8.2000000e+02  -9.4894537e-02
   8.2100000e+02  -7.6761896e-02
   8.2200000e+02  -6.1002907e-02
   8.2300000e+02  -4.7310692e-02
   8.2400000e+02  -3.5416539e-02
   8.2500000e+02  -2.5085787e-02
   8.2600000e+02  -1.6113880e-02
   8.2700000e+02  -8.3227298e-03
   8.2800000e+02  -1.5574103e-03
   8.2900000e+02   4.3167794e-03
   8.3000000e+02   9.4169174e-03
   8.3100000e+02   1.3844744e-02
   8.3200000e+02   1.7688658e-02
   8.3300000e+02   2.1025462e-02
   8.3400000e+02   2.3921881e-02
   8.3500000e+02   2.6435879e-02
   8.3600000e+02   2.8617811e-02
   8.3700000e+02   3.0511420e-02
   8.3800000e+02   3.2154703e-02
   8.3900000e+02   3.3580662e-02
   8.4000000e+02   3.4817965e-02
   8.4100000e+02   3.5891506e-02
   8.4200000e+02   3.6822906e-02
   8.4300000e+02   3.7630942e-02
   8.4400000e+02   3.8331915e-02
   8.4500000e+02   3.8939979e-02
   8.4600000e+02   3.9467425e-02
   8.4700000e+02   3.9924919e-02
   8.4800000e+02   4.0321722e-02
   8.4900000e+02   4.0665870e-02
   8.5000000e+02   4.0964341e-02
   8.5100000e+02   4.1223186e-02
   8.5200000e+02   4.1447660e-02
   8.5300000e+02   4.1642320e-02
   8.5400000e+02   4.3754149e-02
   8.5500000e+02   4.8784073e-02
   8.5600000e+02   5.5598692e-02
   8.5700000e+02   6.3378263e-02
   8.5800000e+02   7.1545806e-02
   8.5900000e+02   7.9707221e-02
   8.6000000e+02   8.7603276e-02
   8.6100000e+02   9.5072382e-02
   8.6200000e+02   1.0202242e-01
   8.6300000e+02   1.0840978e-01
   8.6400000e+02   1.1422397e-01
   8.6500000e+02   1.1947649e-01
   8.6600000e+02   1.2419282e-01
   8.6700000e+02   1.2840676e-01
   8.6800000e+02   1.3215645e-01
   8.6900000e+02   1.3548170e-01
   8.7000000e+02   1.3842210e-01
   8.7100000e+02   1.4101587e-01
   8.7200000e+02   1.4329912e-01
   8.7300000e+02   1.4530544e-01
   8.7400000e+02   1.4706568e-01
   8.7500000e+02   1.4860796e-01
   8.7600000e+02   1.4995767e-01
   8.7700000e+02   1.5113763e-01
   8.7800000e+02   1.5216827e-01
   8.7900000e+02   1.5306776e-01
   8.8000000e+02   1.5385223e-01
   8.8100000e+02   1.5453595e-01
   8.8200000e+02   1.5513154e-01
   8.8300000e+02   1.5565009e-01
   8.8400000e+02   1.5610137e-01
   8.8500000e+02   1.5649396e-01
   8.8600000e+02   1.5683535e-01
   8.8700000e+02   1.5713214e-01
   8.8800000e+02   1.5739008e-01
   8.8900000e+02   1.5761419e-01
   8.9000000e+02   1.5780887e-01
   8.9100000e+02   1.5797795e-01
   8.9200000e+02   1.5812476e-01
   8.9300000e+02   1.5825222e-01
   8.9400000e+02   1.5836287e-01
   8.9500000e+02   1.5845890e-01
   8.9600000e+02   1.5854224e-01
   8.9700000e+02   1.5861456e-01
   8.9800000e+02   1.5867730e-01
   8.9900000e+02   1.5873174e-01
   9.0000000e+02   1.5877896e-01
   9.0100000e+02   1.5881993e-01
   9.0200000e+02   1.5885546e-01
   9.0300000e+02   1.5888628e-01
   9.0400000e+02   1.5624981e-01
   9.0500000e+02   1.4951669e-01
   9.0600000e+02   1.4013767e-01
   9.0700000e+02   1.2916269e-01
   9.0800000e+02   1.1735534e-01
   9.0900000e+02   1.0526876e-01
   9.1000000e+02   9.3298324e-02
   9.1100000e+02   8.1719812e-02
   9.1200000e+02   7.0718016e-02
   9.1300000e+02   6.0408689e-02
   9.1400000e+02   5.0855644e-02
   9.1500000e+02   4.2084169e-02
   9.1600000e+02   3.4091563e-02
   9.1700000e+02   2.6855365e-02
   9.1800000e+02   2.0339746e-02
   9.1900000e+02   1.4500401e-02
   9.2000000e+02   9.2882534e-03
   9.2100000e+02   4.6522021e-03
   9.2200000e+02   5.4110962e-04
   9.2300000e+02  -3.0947955e-03
   9.2400000e+02  -6.3029750e-03
   9.2500000e+02  -9.1279854e-03
   9.2600000e+02  -1.1611143e-02
   9.2700000e+02  -1.3790382e-02
   9.2800000e+02  -1.5700248e-02
   9.2900000e+02  -1.7371990e-02
   9.3000000e+02  -1.8833717e-02
   9.3100000e+02  -2.0110590e-02
   9.3200000e+02  -2.1225044e-02
   9.3300000e+02  -2.2197009e-02
   9.3400000e+02  -2.3044141e-02
   9.3500000e+02  -2.3782037e-02
   9.3600000e+02  -2.4424447e-02
   9.3700000e+02  -2.4983468e-02
   9.3800000e+02  -2.5469723e-02
   9.3900000e+02  -2.5892528e-02
   9.4000000e+02  -2.6260043e-02
   9.4100000e+02  -2.6579405e-02
   9.4200000e+02  -2.6856852e-02
   9.4300000e+02  -2.7097828e-02
   9.4400000e+02  -2.7307086e-02
   9.4500000e+02  -2.7488767e-02
   9.4600000e+02  -2.7646480e-02
   9.4700000e+02  -2.7783365e-02
   9.4800000e+02  -2.7902160e-02
   9.4900000e+02  -2.8005241e-02
   9.5000000e+02  -2.8094679e-02
   9.5100000e+02  -2.8172273e-02
   9.5200000e+02  -2.8239584e-02
   9.5300000e+02  -2.8297972e-02
   9.5400000e+02  -3.8177133e-02
   9.5500000e+02  -6.3438505e-02
   9.5600000e+02  -9.9237018e-02
   9.5700000e+02  -1.4210380e-01
   9.5800000e+02  -1.8943214e-01
   9.5900000e+02  -2.3920468e-01
   9.6000000e+02  -2.8984186e-01
   9.6100000e+02  -3.4011156e-01
   9.6200000e+02  -3.8906917e-01
   9.6300000e+02  -4.3601261e-01
   9.6400000e+02  -4.8044471e-01
   9.6500000e+02  -5.2203975e-01
   9.6600000e+02  -5.6061296e-01
   9.6700000e+02  -5.9609276e-01
   9.6800000e+02  -6.2849592e-01
   9.6900000e+02  -6.5790589e-01
   9.7000000e+02  -6.8445419e-01
   9.7100000e+02  -7.0830498e-01
   9.7200000e+02  -7.2964249e-01
   9.7300000e+02  -7.4866109e-01
   9.7400000e+02  -7.6555772e-01
   9.7500000e+02  -7.8052612e-01
   9.7600000e+02  -7.9375287e-01
   9.7700000e+02  -8.0541461e-01
   9.7800000e+02  -8.1567632e-01
   9.7900000e+02  -8.2469044e-01
   9.8000000e+02  -8.3259656e-01
   9.8100000e+02  -8.3952151e-01
   9.8200000e+02  -8.4557984e-01
   9.8300000e+02  -8.5087442e-01
   9.8400000e+02  -8.5549725e-01
   9.8500000e+02  -8.5953025e-01
   9.8600000e+02  -8.6304611e-01
   9.8700000e+02  -8.6610920e-01
   9.8800000e+02  -8.6877629e-01
   9.8900000e+02  -8.7109744e-01
   9.9000000e+02  -8.7311660e-01
   9.9100000e+02  -8.7487239e-01
   9.9200000e+02  -8.7639863e-01
   9.9300000e+02  -8.7772492e-01
   9.9400000e+02  -8.7887714e-01
   9.9500000e+02  -8.7987789e-01
   9.9600000e+02  -8.8074691e-01
   9.9700000e+02  -8.8150138e-01
   9.9800000e+02  -8.8215631e-01
   9.9900000e+02  -8.8272473e-01
   1.0000000e+03  -8.8321801e-01
   1.0010000e+03  -8.8364603e-01
   1.0020000e+03  -8.8401739e-01
   1.0030000e+03  -8.8433955e-01
   1.0040000e+03  -8.7818158e-01
   1.0050000e+03  -8.6227757e-01
   1.0060000e+03  -8.4046004e-01
   1.0070000e+03  -8.1550365e-01
   1.0080000e+03  -7.8934779e-01
   1.0090000e+03  -7.6329950e-01
   1.0100000e+03  -7.3820171e-01
   1.0110000e+03  -7.1456507e-01
   1.0120000e+03  -6.9266769e-01
   1.0130000e+03  -6.7262858e-01
   1.0140000e+03  -6.5446077e-01
   1.0150000e+03  -6.3810912e-01
   1.0160000e+03  -6.2347685e-01
   1.0170000e+03  -6.1044383e-01
   1.0180000e+03  -5.9887914e-01
   1.0190000e+03  -5.8864929e-01
   1.0200000e+03  -5.7962370e-01
   1.0210000e+03  -5.7167797e-01
   1.0220000e+03  -5.6469583e-01
   1.0230000e+03  -5.5857015e-01
   1.0240000e+03  -5.5320317e-01
   1.0250000e+03  -5.4850647e-01
   1.0260000e+03  -5.4440056e-01
   1.0270000e+03  -5.4081435e-01
   1.0280000e+03  -5.3768453e-01
   1.0290000e+03  -5.3495494e-01
   1.0300000e+03  -5.3257586e-01
   1.0310000e+03  -5.3050342e-01
   1.0320000e+03  -5.2869899e-01
   1.0330000e+03  -5.2712859e-01
   1.0340000e+03  -5.2576240e-01
   1.0350000e+03  -5.2457429e-01
   1.0360000e+03  -5.2354137e-01
   1.0370000e+03  -5.2264362e-01
   1.0380000e+03  -5.2186355e-01
   1.0390000e+03  -5.2118589e-01
   1.0400000e+03  -5.2059732e-01
   1.0410000e+03  -5.2008622e-01
   1.0420000e+03  -5.1964246e-01
   1.0430000e+03  -5.1925724e-01
   1.0440000e+03  -5.1892288e-01
   1.0450000e+03  -5.1863269e-01
   1.0460000e+03  -5.1838087e-01
   1.0470000e+03  -5.1816237e-01
   1.0480000e+03  -5.1797280e-01
   1.0490000e+03  -5.1780834e-01
   1.0500000e+03  -5.1766567e-01
   1.0510000e+03  -5.1754192e-01
   1.0520000e+03  -5.1743459e-01
   1.0530000e+03  -5.1734149e-01
   1.0540000e+03  -5.2237347e-01
   1.0550000e+03  -5.3527824e-01
   1.0560000e+03  -5.5327812e-01
   1.0570000e+03  -5.7436322e-01
   1.0580000e+03  -5.9707011e-01
   1.0590000e+03  -6.2033645e-01
   1.0600000e+03  -6.4340059e-01
   1.0610000e+03  -6.6572919e-01
   1.0620000e+03  -6.8696307e-01
   1.0630000e+03  -7.0687561e-01
   1.0640000e+03  -7.2534026e-01
   1.0650000e+03  -7.4230501e-01
   1.0660000e+03  -7.5777224e-01
   1.0670000e+03  -7.7178291e-01
   1.0680000e+03  -7.8440422e-01
   1.0690000e+03  -7.9572019e-01
   1.0700000e+03  -8.0582442e-01
   1.0710000e+03  -8.1481474e-01
   1.0720000e+03  -8.2278934e-01
   1.0730000e+03  -8.2984397e-01
   1.0740000e+03  -8.3607007e-01
   1.0750000e+03  -8.4155363e-01
   1.0760000e+03  -8.4637446e-01
   1.0770000e+03  -8.5060589e-01
   1.0780000e+03  -8.5431476e-01
   1.0790000e+03  -8.5756158e-01
   1.0800000e+03  -8.6040080e-01
   1.0810000e+03  -8.6288118e-01
   1.0820000e+03  -8.6504622e-01
   1.0830000e+03  -8.6693458e-01
   1.0840000e+03  -8.6858050e-01
   1.0850000e+03  -8.7001426e-01
   1.0860000e+03  -8.7126254e-01
   1.0870000e+03  -8.7234883e-01
   1.0880000e+03  -8.7329374e-01
   1.0890000e+03  -8.7411539e-01
   1.0900000e+03  -8.7482960e-01
   1.0910000e+03  -8.7545025e-01
   1.0920000e+03  -8.7598946e-01
   1.0930000e+03  -8.7645779e-01
   1.0940000e+03  -8.7686448e-01
   1.0950000e+03  -8.7721758e-01
   1.0960000e+03  -8.7752411e-01
   1.0970000e+03  -8.7779015e-01
   1.0980000e+03  -8.7802104e-01
   1.0990000e+03  -8.7822139e-01
   1.1000000e+03  -8.7839522e-01
   1.1010000e+03  -8.7854603e-01
   1.1020000e+03  -8.7867686e-01
   1.1030000e+03  -8.7879035e-01
   1.1040000e+03  -8.4796260e-01
   1.1050000e+03  -7.7226244e-01
   1.1060000e+03  -6.7295751e-01
   1.1070000e+03  -5.6507700e-01
   1.1080000e+03  -4.5814884e-01
   1.1090000e+03  -3.5758843e-01
   1.1100000e+03  -2.6603516e-01
   1.1110000e+03  -1.8439493e-01
   1.1120000e+03  -1.1256857e-01
   1.1130000e+03  -4.9925406e-02
   1.1140000e+03   4.4056799e-03
   1.1150000e+03   5.1366532e-02
   1.1160000e+03   9.1876791e-02
   1.1170000e+03   1.2678754e-01
   1.1180000e+03   1.5686217e-01
   1.1190000e+03   1.8277239e-01
   1.1200000e+03   2.0510225e-01
   1.1210000e+03   2.2435584e-01
   1.1220000e+03   2.4096628e-01
   1.1230000e+03   2.5530486e-01
   1.1240000e+03   2.6768951e-01
   1.1250000e+03   2.7839239e-01
   1.1260000e+03   2.8764662e-01
   1.1270000e+03   2.9565197e-01
   1.1280000e+03   3.0257985e-01
   1.1290000e+03   3.0857744e-01
   1.1300000e+03   3.1377131e-01
   1.1310000e+03   3.1827037e-01
   1.1320000e+03   3.2216846e-01
   1.1330000e+03   3.2554651e-01
   1.1340000e+03   3.2847437e-01
   1.1350000e+03   3.3101236e-01
   1.1360000e+03   3.3321263e-01
   1.1370000e+03   3.3512028e-01
   1.1380000e+03   3.3677433e-01
   1.1390000e+03   3.3820858e-01
   1.1400000e+03   3.3945226e-01
   1.1410000e+03   3.4053074e-01
   1.1420000e+03   3.4146596e-01
   1.1430000e+03   3.4227698e-01
   1.1440000e+03   3.4298027e-01
   1.1450000e+03   3.4359016e-01
   1.1460000e+03   3.4411904e-01
   1.1470000e+03   3.4457766e-01
   1.1480000e+03   3.4497537e-01
   1.1490000e+03   3.4532023e-01
   1.1500000e+03   3.4561928e-01
   1.1510000e+03   3.4587859e-01
   1.1520000e+03   3.4610344e-01
   1.1530000e+03   3.4629841e-01
   1.1540000e+03   3.3521049e-01
   1.1550000e+03   3.0609659e-01
   1.1560000e+03   2.6379022e-01
   1.1570000e+03   2.1162583e-01
   1.1580000e+03   1.5217287e-01
   1.1590000e+03   8.7574360e-02
   1.1600000e+03   1.9694474e-02
   1.1610000e+03  -4.9826397e-02
   1.1620000e+03  -1.1955852e-01
   1.1630000e+03  -1.8828451e-01
   1.1640000e+03  -2.5500183e-01
   1.1650000e+03  -3.1891979e-01
   1.1660000e+03  -3.7944913e-01
   1.1670000e+03  -4.3618496e-01
   1.1680000e+03  -4.8888481e-01
   1.1690000e+03  -5.3744405e-01
   1.1700000e+03  -5.8187062e-01
   1.1710000e+03  -6.2226077e-01
   1.1720000e+03  -6.5877685e-01
   1.1730000e+03  -6.9162782e-01
   1.1740000e+03  -7.2105277e-01
   1.1750000e+03  -7.4730750e-01
   1.1760000e+03  -7.7065389e-01
   1.1770000e+03  -7.9135176e-01
   1.1780000e+03  -8.0965293e-01
   1.1790000e+03  -8.2579710e-01
   1.1800000e+03  -8.4000915e-01
   1.1810000e+03  -8.5249757e-01
   1.1820000e+03  -8.6345384e-01
   1.1830000e+03  -8.7305236e-01
   1.1840000e+03  -8.8145094e-01
   1.1850000e+03  -8.8879153e-01
   1.1860000e+03  -8.9520121e-01
   1.1870000e+03  -9.0079329e-01
   1.1880000e+03  -9.0566840e-01
   1.1890000e+03  -9.0991565e-01
   1.1900000e+03  -9.1361375e-01
   1.1910000e+03  -9.1683206e-01
   1.1920000e+03  -9.1963155e-01
   1.1930000e+03  -9.2206576e-01
   1.1940000e+03  -9.2418160e-01
   1.1950000e+03  -9.2602015e-01
   1.1960000e+03  -9.2761730e-01
   1.1970000e+03  -9.2900442e-01
   1.1980000e+03  -9.3020887e-01
   1.1990000e+03  -9.3125450e-01
   1.2000000e+03  -9.3216212e-01
   1.2010000e+03  -9.3294981e-01
   1.2020000e+03  -9.3363334e-01
   1.2030000e+03  -9.3422641e-01
   1.2040000e+03  -9.2581033e-01
   1.2050000e+03  -9.0390110e-01
   1.2060000e+03  -8.7389540e-01
   1.2070000e+03  -8.3969794e-01
   1.2080000e+03  -8.0401748e-01
   1.2090000e+03  -7.6865516e-01
   1.2100000e+03  -7.3474952e-01
   1.2110000e+03  -7.0297000e-01
   1.2120000e+03  -6.7366265e-01
   1.2130000e+03  -6.4695651e-01
   1.2140000e+03  -6.2283953e-01
   1.2150000e+03  -6.0121161e-01
   1.2160000e+03  -5.8192116e-01
   1.2170000e+03  -5.6478978e-01
   1.2180000e+03  -5.4962869e-01
   1.2190000e+03  -5.3624926e-01
   1.2200000e+03  -5.2446969e-01
   1.2210000e+03  -5.1411883e-01
   1.2220000e+03  -5.0503825e-01
   1.2230000e+03  -4.9708312e-01
   1.2240000e+03  -4.9012221e-01
   1.2250000e+03  -4.8403751e-01
   1.2260000e+03  -4.7872345e-01
   1.2270000e+03  -4.7408603e-01
   1.2280000e+03  -4.7004186e-01
   1.2290000e+03  -4.6651716e-01
   1.2300000e+03  -4.6344686e-01
   1.2310000e+03  -4.6077365e-01
   1.2320000e+03  -4.5844715e-01
   1.2330000e+03  -4.5642318e-01
   1.2340000e+03  -4.5466299e-01
   1.2350000e+03  -4.5313268e-01
   1.2360000e+03  -4.5180259e-01
   1.2370000e+03  -4.5064681e-01
   1.2380000e+03  -4.4964273e-01
   1.2390000e+03  -4.4877062e-01
   1.2400000e+03  -4.4801326e-01
   1.2410000e+03  -4.4735568e-01
   1.2420000e+03  -4.4678480e-01
   1.2430000e+03  -4.4628927e-01
   1.2440000e+03  -4.4585920e-01
   1.2450000e+03  -4.4548598e-01
   1.2460000e+03  -4.4516213e-01
   1.2470000e+03  -4.4488114e-01
   1.2480000e+03  -4.4463736e-01
   1.2490000e+03  -4.4442588e-01
   1.2500000e+03  -4.4424244e-01
   1.2510000e+03  -4.4408332e-01
   1.2520000e+03  -4.4394531e-01
   1.2530000e+03  -4.4382561e-01
   1.2540000e+03  -4.2159371e-01
   1.2550000e+03  -3.6717677e-01
   1.2560000e+03  -2.9562374e-01
   1.2570000e+03  -2.1759588e-01
   1.2580000e+03  -1.3991140e-01
   1.2590000e+03  -6.6507428e-02
   1.2600000e+03   6.3963831e-04
   1.2610000e+03   6.0793213e-02
   1.2620000e+03   1.1394851e-01
   1.2630000e+03   1.6049838e-01
   1.2640000e+03   2.0102489e-01
   1.2650000e+03   2.3617544e-01
   1.2660000e+03   2.6659319e-01
   1.2670000e+03   2.9288091e-01
   1.2680000e+03   3.1558469e-01
   1.2690000e+03   3.3518917e-01
   1.2700000e+03   3.5211879e-01
   1.2710000e+03   3.6674226e-01
   1.2720000e+03   3.7937819e-01
   1.2730000e+03   3.9030112e-01
   1.2740000e+03   3.9974718e-01
   1.2750000e+03   4.0791934e-01
   1.2760000e+03   4.1499208e-01
   1.2770000e+03   4.2111542e-01
   1.2780000e+03   4.2641845e-01
   1.2790000e+03   4.3101230e-01
   1.2800000e+03   4.3499275e-01
   1.2810000e+03   4.3844238e-01
   1.2820000e+03   4.4143249e-01
   1.2830000e+03   4.4402464e-01
   1.2840000e+03   4.4627206e-01
   1.2850000e+03   4.4822076e-01
   1.2860000e+03   4.4991056e-01
   1.2870000e+03   4.5137594e-01
   1.2880000e+03   4.5264675e-01
   1.2890000e+03   4.5374886e-01
   1.2900000e+03   4.5470467e-01
   1.2910000e+03   4.5553361e-01
   1.2920000e+03   4.5625252e-01
   1.2930000e+03   4.5687600e-01
   1.2940000e+03   4.5741672e-01
   1.2950000e+03   4.5788565e-01
   1.2960000e+03   4.5829233e-01
   1.2970000e+03   4.5864500e-01
   1.2980000e+03   4.5895083e-01
   1.2990000e+03   4.5921605e-01
   1.3000000e+03   4.5944603e-01
   1.3010000e+03   4.5964546e-01
   1.3020000e+03   4.5981840e-01
   1.3030000e+03   4.5996835e-01
   1.3040000e+03   4.5566060e-01
   1.3050000e+03   4.4441776e-01
   1.3060000e+03   4.2848176e-01
   1.3070000e+03   4.0946214e-01
   1.3080000e+03   3.8856017e-01
   1.3090000e+03   3.6669250e-01
   1.3100000e+03   3.4456331e-01
   1.3110000e+03   3.2270966e-01
   1.3120000e+03   3.0153298e-01
   1.3130000e+03   2.8132301e-01
   1.3140000e+03   2.6227749e-01
   1.3150000e+03   2.4451916e-01
   1.3160000e+03   2.2811064e-01
   1.3170000e+03   2.1306736e-01
   1.3180000e+03   1.9936888e-01
   1.3190000e+03   1.8696837e-01
   1.3200000e+03   1.7580057e-01
   1.3210000e+03   1.6578826e-01
   1.3220000e+03   1.5684738e-01
   1.3230000e+03   1.4889103e-01
   1.3240000e+03   1.4183245e-01
   1.3250000e+03   1.3558719e-01
   1.3260000e+03   1.3007464e-01
   1.3270000e+03   1.2521901e-01
   1.3280000e+03   1.2094990e-01
   1.3290000e+03   1.1720257e-01
   1.3300000e+03   1.1391796e-01
   1.3310000e+03   1.1104258e-01
   1.3320000e+03   1.0852827e-01
   1.3330000e+03   1.0633186e-01
   1.3340000e+03   1.0441483e-01
   1.3350000e+03   1.0274293e-01
   1.3360000e+03   1.0128582e-01
   1.3370000e+03   1.0001667e-01
   1.3380000e+03   9.8911826e-02
   1.3390000e+03   9.7950468e-02
   1.3400000e+03   9.7114315e-02
   1.3410000e+03   9.6387329e-02
   1.3420000e+03   9.5755465e-02
   1.3430000e+03   9.5206438e-02
   1.3440000e+03   9.4729511e-02
   1.3450000e+03   9.4315310e-02
   1.3460000e+03   9.3955658e-02
   1.3470000e+03   9.3643429e-02
   1.3480000e+03   9.3372412e-02
   1.3490000e+03   9.3137201e-02
   1.3500000e+03   9.2933091e-02
   1.3510000e+03   9.2755990e-02
   1.3520000e+03   9.2602339e-02
   1.3530000e+03   9.2469045e-02
   1.3540000e+03   8.1686663e-02
   1.3550000e+03   5.4110473e-02
   1.3560000e+03   1.4801834e-02
   1.3570000e+03  -3.2641068e-02
   1.3580000e+03  -8.5488796e-02
   1.3590000e+03  -1.4158180e-01
   1.3600000e+03  -1.9917703e-01
   1.3610000e+03  -2.5686575e-01
   1.3620000e+03  -3.1352486e-01
   1.3630000e+03  -3.6828240e-01
   1.3640000e+03  -4.2048824e-01
   1.3650000e+03  -4.6968587e-01
   1.3660000e+03  -5.1558449e-01
   1.3670000e+03  -5.5803157e-01
   1.3680000e+03  -5.9698655e-01
   1.3690000e+03  -6.3249668e-01
   1.3700000e+03  -6.6467535e-01
   1.3710000e+03  -6.9368334e-01
   1.3720000e+03  -7.1971309e-01
   1.3730000e+03  -7.4297590e-01
   1.3740000e+03  -7.6369169e-01
   1.3750000e+03  -7.8208126e-01
   1.3760000e+03  -7.9836052e-01
   1.3770000e+03  -8.1273633e-01
   1.3780000e+03  -8.2540382e-01
   1.3790000e+03  -8.3654473e-01
   1.3800000e+03  -8.4632656e-01
   1.3810000e+03  -8.5490235e-01
   1.3820000e+03  -8.6241097e-01
   1.3830000e+03  -8.6897763e-01
   1.3840000e+03  -8.7471464e-01
   1.3850000e+03  -8.7972232e-01
   1.3860000e+03  -8.8408992e-01
   1.3870000e+03  -8.8789657e-01
   1.3880000e+03  -8.9121228e-01
   1.3890000e+03  -8.9409878e-01
   1.3900000e+03  -8.9661041e-01
   1.3910000e+03  -8.9879493e-01
   1.3920000e+03  -9.0069423e-01
   1.3930000e+03  -9.0234498e-01
   1.3940000e+03  -9.0377931e-01
   1.3950000e+03  -9.0502524e-01
   1.3960000e+03  -9.0610729e-01
   1.3970000e+03  -9.0704681e-01
   1.3980000e+03  -9.0786243e-01
   1.3990000e+03  -9.0857037e-01
   1.4000000e+03  -9.0918477e-01
   1.4010000e+03  -9.0971792e-01
   1.4020000e+03  -9.1018051e-01
   1.4030000e+03  -9.1058183e-01
   1.4040000e+03  -8.7375860e-01
   1.4050000e+03  -7.8344196e-01
   1.4060000e+03  -6.6593349e-01
   1.4070000e+03  -5.3967111e-01
   1.4080000e+03  -4.1605935e-01
   1.4090000e+03  -3.0129603e-01
   1.4100000e+03  -1.9814481e-01
   1.4110000e+03  -1.0729868e-01
   1.4120000e+03  -2.8309510e-02
   1.4130000e+03   3.9826905e-02
   1.4140000e+03   9.8325669e-02
   1.4150000e+03   1.4842218e-01
   1.4160000e+03   1.9127557e-01
   1.4170000e+03   2.2792688e-01
   1.4180000e+03   2.5928725e-01
   1.4190000e+03   2.8614194e-01
   1.4200000e+03   3.0916137e-01
   1.4210000e+03   3.2891492e-01
   1.4220000e+03   3.4588487e-01
   1.4230000e+03   3.6047932e-01
   1.4240000e+03   3.7304371e-01
   1.4250000e+03   3.8387069e-01
   1.4260000e+03   3.9320858e-01
   1.4270000e+03   4.0126844e-01
   1.4280000e+03   4.0822998e-01
   1.4290000e+03   4.1424651e-01
   1.4300000e+03   4.1944908e-01
   1.4310000e+03   4.2394986e-01
   1.4320000e+03   4.2784506e-01
   1.4330000e+03   4.3121729e-01
   1.4340000e+03   4.3413760e-01
   1.4350000e+03   4.3666717e-01
   1.4360000e+03   4.3885871e-01
   1.4370000e+03   4.4075773e-01
   1.4380000e+03   4.4240350e-01
   1.4390000e+03   4.4382994e-01
   1.4400000e+03   4.4506641e-01
   1.4410000e+03   4.4613828e-01
   1.4420000e+03   4.4706752e-01
   1.4430000e+03   4.4787315e-01
   1.4440000e+03   4.4857163e-01
   1.4450000e+03   4.4917723e-01
   1.4460000e+03   4.4970230e-01
   1.4470000e+03   4.5015757e-01
   1.4480000e+03   4.5055231e-01
   1.4490000e+03   4.5089458e-01
   1.4500000e+03   4.5119134e-01
   1.4510000e+03   4.5144865e-01
   1.4520000e+03   4.5167175e-01
   1.4530000e+03   4.5186519e-01
   1.4540000e+03   4.5202004e-01
   1.4550000e+03   4.5213299e-01
   1.4560000e+03   4.5221435e-01
   1.4570000e+03   4.5227199e-01
   1.4580000e+03   4.5231192e-01
   1.4590000e+03   4.5233872e-01
   1.4600000e+03   4.5235587e-01
   1.4610000e+03   4.5236600e-01
   1.4620000e+03   4.5237109e-01
   1.4630000e+03   4.5237263e-01
   1.4640000e+03   4.5237172e-01
   1.4650000e+03   4.5236919e-01
   1.4660000e+03   4.5236565e-01
   1.4670000e+03   4.5236151e-01
   1.4680000e+03   4.5235711e-01
   1.4690000e+03   4.5235265e-01
   1.4700000e+03   4.5234828e-01
   1.4710000e+03   4.5234410e-01
   1.4720000e+03   4.5234018e-01
   1.4730000e+03   4.5233655e-01
   1.4740000e+03   4.5233321e-01
   1.4750000e+03   4.5233018e-01
   1.4760000e+03   4.5232744e-01
   1.4770000e+03   4.5232497e-01
   1.4780000e+03   4.5232277e-01
   1.4790000e+03   4.5232081e-01
   1.4800000e+03   4.5231907e-01
   1.4810000e+03   4.5231752e-01
   1.4820000e+03   4.5231616e-01
   1.4830000e+03   4.5231496e-01
   1.4840000e+03   4.5231391e-01
   1.4850000e+03   4.5231298e-01
   1.4860000e+03   4.5231217e-01
   1.4870000e+03   4.5231146e-01
   1.4880000e+03   4.5231083e-01
   1.4890000e+03   4.5231029e-01
   1.4900000e+03   4.5230982e-01
   1.4910000e+03   4.5230940e-01
   1.4920000e+03   4.5230904e-01
   1.4930000e+03   4.5230873e-01
   1.4940000e+03   4.5230845e-01
   1.4950000e+03   4.5230821e-01
   1.4960000e+03   4.5230801e-01
   1.4970000e+03   4.5230783e-01
   1.4980000e+03   4.5230767e-01
   1.4990000e+03   4.5230753e-01
   1.5000000e+03   4.5230741e-01
   1.5010000e+03   4.5230731e-01
   1.5020000e+03   4.5230722e-01
   1.5030000e+03   4.5230714e-01
   1.5040000e+03   4.5143379e-01
   1.5050000e+03   4.4922430e-01
   1.5060000e+03   4.4616489e-01
   1.5070000e+03   4.4260773e-01
   1.5080000e+03   4.3880665e-01
   1.5090000e+03   4.3494240e-01
   1.5100000e+03   4.3114120e-01
   1.5110000e+03   4.2748838e-01
   1.5120000e+03   4.2403884e-01
   1.5130000e+03   4.2082492e-01
   1.5140000e+03   4.1786246e-01
   1.5150000e+03   4.1515546e-01
   1.5160000e+03   4.1269958e-01
   1.5170000e+03   4.1048484e-01
   1.5180000e+03   4.0849767e-01
   1.5190000e+03   4.0672233e-01
   1.5200000e+03   4.0514211e-01
   1.5210000e+03   4.0374003e-01
   1.5220000e+03   4.0249943e-01
   1.5230000e+03   4.0140434e-01
   1.5240000e+03   4.0043972e-01
   1.5250000e+03   3.9959158e-01
   1.5260000e+03   3.9884704e-01
   1.5270000e+03   3.9819439e-01
   1.5280000e+03   3.9762298e-01
   1.5290000e+03   3.9712325e-01
   1.5300000e+03   3.9668664e-01
   1.5310000e+03   3.9630549e-01
   1.5320000e+03   3.9597303e-01
   1.5330000e+03   3.9568322e-01
   1.5340000e+03   3.9543074e-01
   1.5350000e+03   3.9521090e-01
   1.5360000e+03   3.9501958e-01
   1.5370000e+03   3.9485314e-01
   1.5380000e+03   3.9470840e-01
   1.5390000e+03   3.9458257e-01
   1.5400000e+03   3.9447322e-01
   1.5410000e+03   3.9437822e-01
   1.5420000e+03   3.9429569e-01
   1.5430000e+03   3.9422403e-01
   1.5440000e+03   3.9416180e-01
   1.5450000e+03   3.9410778e-01
   1.5460000e+03   3.9406088e-01
   1.5470000e+03   3.9402019e-01
   1.5480000e+03   3.9398487e-01
   1.5490000e+03   3.9395423e-01
   1.5500000e+03   3.9392764e-01
   1.5510000e+03   3.9390458e-01
   1.5520000e+03   3.9388457e-01
   1.5530000e+03   3.9386722e-01
   1.5540000e+03   3.9121699e-01
   1.5550000e+03   3.8450439e-01
   1.5560000e+03   3.7513930e-01
   1.5570000e+03   3.6414112e-01
   1.5580000e+03   3.5225617e-01
   1.5590000e+03   3.4003189e-01
   1.5600000e+03   3.2786642e-01
   1.5610000e+03   3.1604364e-01
   1.5620000e+03   3.0475920e-01
   1.5630000e+03   2.9414047e-01
   1.5640000e+03   2.8426242e-01
   1.5650000e+03   2.7516025e-01
   1.5660000e+03   2.6683951e-01
   1.5670000e+03   2.5928429e-01
   1.5680000e+03   2.5246364e-01
   1.5690000e+03   2.4633668e-01
   1.5700000e+03   2.4085646e-01
   1.5710000e+03   2.3597301e-01
   1.5720000e+03   2.3163549e-01
   1.5730000e+03   2.2779383e-01
   1.5740000e+03   2.2439982e-01
   1.5750000e+03   2.2140786e-01
   1.5760000e+03   2.1877540e-01
   1.5770000e+03   2.1646317e-01
   1.5780000e+03   2.1443523e-01
   1.5790000e+03   2.1265898e-01
   1.5800000e+03   2.1110499e-01
   1.5810000e+03   2.0974685e-01
   1.5820000e+03   2.0856096e-01
   1.5830000e+03   2.0752629e-01
   1.5840000e+03   2.0662422e-01
   1.5850000e+03   2.0583824e-01
   1.5860000e+03   2.0515379e-01
   1.5870000e+03   2.0455807e-01
   1.5880000e+03   2.0403979e-01
   1.5890000e+03   2.0358907e-01
   1.5900000e+03   2.0319723e-01
   1.5910000e+03   2.0285669e-01
   1.5920000e+03   2.0256081e-01
   1.5930000e+03   2.0230380e-01
   1.5940000e+03   2.0208061e-01
   1.5950000e+03   2.0188681e-01
   1.5960000e+03   2.0171857e-01
   1.5970000e+03   2.0157254e-01
   1.5980000e+03   2.0144580e-01
   1.5990000e+03   2.0133582e-01
   1.6000000e+03   2.0124040e-01
   1.6010000e+03   2.0115761e-01
   1.6020000e+03   2.0108579e-01
   1.6030000e+03   2.0102349e-01
   1.6040000e+03   1.8967753e-01
   1.6050000e+03   1.6042552e-01
   1.6060000e+03   1.1840214e-01
   1.6070000e+03   6.7219036e-02
   1.6080000e+03   9.6388619e-03
   1.6090000e+03  -5.2100933e-02
   1.6100000e+03  -1.1613460e-01
   1.6110000e+03  -1.8089684e-01
   1.6120000e+03  -2.4508892e-01
   1.6130000e+03  -3.0765884e-01
   1.6140000e+03  -3.6778437e-01
   1.6150000e+03  -4.2485398e-01
   1.6160000e+03  -4.7844459e-01
   1.6170000e+03  -5.2829680e-01
   1.6180000e+03  -5.7428887e-01
   1.6190000e+03  -6.1641094e-01
   1.6200000e+03  -6.5474079e-01
   1.6210000e+03  -6.8942186e-01
   1.6220000e+03  -7.2064414e-01
   1.6230000e+03  -7.4862808e-01
   1.6240000e+03  -7.7361141e-01
   1.6250000e+03  -7.9583883e-01
   1.6260000e+03  -8.1555406e-01
   1.6270000e+03  -8.3299396e-01
   1.6280000e+03  -8.4838451e-01
   1.6290000e+03  -8.6193808e-01
   1.6300000e+03  -8.7385189e-01
   1.6310000e+03  -8.8430726e-01
   1.6320000e+03  -8.9346955e-01
   1.6330000e+03  -9.0148852e-01
   1.6340000e+03  -9.0849899e-01
   1.6350000e+03  -9.1462177e-01
   1.6360000e+03  -9.1996461e-01
   1.6370000e+03  -9.2462329e-01
   1.6380000e+03  -9.2868267e-01
   1.6390000e+03  -9.3221775e-01
   1.6400000e+03  -9.3529461e-01
   1.6410000e+03  -9.3797142e-01
   1.6420000e+03  -9.4029922e-01
   1.6430000e+03  -9.4232279e-01
   1.6440000e+03  -9.4408134e-01
   1.6450000e+03  -9.4560913e-01
   1.6460000e+03  -9.4693612e-01
   1.6470000e+03  -9.4808844e-01
   1.6480000e+03  -9.4908889e-01
   1.6490000e+03  -9.4995734e-01
   1.6500000e+03  -9.5071108e-01
   1.6510000e+03  -9.5136519e-01
   1.6520000e+03  -9.5193275e-01
   1.6530000e+03  -9.5242518e-01
   1.6540000e+03  -9.2643029e-01
   1.6550000e+03  -8.6170075e-01
   1.6560000e+03  -7.7587474e-01
   1.6570000e+03  -6.8151646e-01
   1.6580000e+03  -5.8678648e-01
   1.6590000e+03  -4.9652505e-01
   1.6600000e+03  -4.1328058e-01
   1.6610000e+03  -3.3812141e-01
   1.6620000e+03  -2.7121635e-01
   1.6630000e+03  -2.1222405e-01
   1.6640000e+03  -1.6054194e-01
   1.6650000e+03  -1.1545865e-01
   1.6660000e+03  -7.6243221e-02
   1.6670000e+03  -4.2194284e-02
   1.6680000e+03  -1.2664627e-02
   1.6690000e+03   1.2928816e-02
   1.6700000e+03   3.5103341e-02
   1.6710000e+03   5.4313344e-02
   1.6720000e+03   7.0955394e-02
   1.6730000e+03   8.5374153e-02
   1.6740000e+03   9.7868396e-02
   1.6750000e+03   1.0869672e-01
   1.6760000e+03   1.1808278e-01
   1.6770000e+03   1.2621993e-01
   1.6780000e+03   1.3327533e-01
   1.6790000e+03   1.3939354e-01
   1.6800000e+03   1.4469960e-01
   1.6810000e+03   1.4930170e-01
   1.6820000e+03   1.5329350e-01
   1.6830000e+03   1.5675611e-01
   1.6840000e+03   1.5975979e-01
   1.6850000e+03   1.6236541e-01
   1.6860000e+03   1.6462576e-01
   1.6870000e+03   1.6658659e-01
   1.6880000e+03   1.6828758e-01
   1.6890000e+03   1.6976313e-01
   1.6900000e+03   1.7104311e-01
   1.6910000e+03   1.7215341e-01
   1.6920000e+03   1.7311650e-01
   1.6930000e+03   1.7395188e-01
   1.6940000e+03   1.7467645e-01
   1.6950000e+03   1.7530490e-01
   1.6960000e+03   1.7584996e-01
   1.6970000e+03   1.7632269e-01
   1.6980000e+03   1.7673267e-01
   1.6990000e+03   1.7708821e-01
   1.7000000e+03   1.7739655e-01
   1.7010000e+03   1.7766393e-01
   1.7020000e+03   1.7789580e-01
   1.7030000e+03   1.7809686e-01
   1.7040000e+03   1.8308426e-01
   1.7050000e+03   1.9525033e-01
   1.7060000e+03   2.1164573e-01
   1.7070000e+03   2.3014402e-01
   1.7080000e+03   2.4928594e-01
   1.7090000e+03   2.6811811e-01
   1.7100000e+03   2.8605333e-01
   1.7110000e+03   3.0276010e-01
   1.7120000e+03   3.1807998e-01
   1.7130000e+03   3.3196792e-01
   1.7140000e+03   3.4445055e-01
   1.7150000e+03   3.5559740e-01
   1.7160000e+03   3.6550162e-01
   1.7170000e+03   3.7426728e-01
   1.7180000e+03   3.8200117e-01
   1.7190000e+03   3.8880771e-01
   1.7200000e+03   3.9478597e-01
   1.7210000e+03   4.0002799e-01
   1.7220000e+03   4.0461807e-01
   1.7230000e+03   4.0863261e-01
   1.7240000e+03   4.1214031e-01
   1.7250000e+03   4.1520257e-01
   1.7260000e+03   4.1787399e-01
   1.7270000e+03   4.2020298e-01
   1.7280000e+03   4.2223228e-01
   1.7290000e+03   4.2399959e-01
   1.7300000e+03   4.2553805e-01
   1.7310000e+03   4.2687677e-01
   1.7320000e+03   4.2804127e-01
   1.7330000e+03   4.2905391e-01
   1.7340000e+03   4.2993424e-01
   1.7350000e+03   4.3069934e-01
   1.7360000e+03   4.3136415e-01
   1.7370000e+03   4.3194168e-01
   1.7380000e+03   4.3244331e-01
   1.7390000e+03   4.3287892e-01
   1.7400000e+03   4.3325715e-01
   1.7410000e+03   4.3358550e-01
   1.7420000e+03   4.3387052e-01
   1.7430000e+03   4.3411790e-01
   1.7440000e+03   4.3433258e-01
   1.7450000e+03   4.3451886e-01
   1.7460000e+03   4.3468050e-01
   1.7470000e+03   4.3482073e-01
   1.7480000e+03   4.3494238e-01
   1.7490000e+03   4.3504791e-01
   1.7500000e+03   4.3513945e-01
   1.7510000e+03   4.3521884e-01
   1.7520000e+03   4.3528770e-01
   1.7530000e+03   4.3534743e-01
   1.7540000e+03   4.2765945e-01
   1.7550000e+03   4.0770505e-01
   1.7560000e+03   3.7903606e-01
   1.7570000e+03   3.4415499e-01
   1.7580000e+03   3.0497258e-01
   1.7590000e+03   2.6302925e-01
   1.7600000e+03   2.1960159e-01
   1.7610000e+03   1.7575327e-01
   1.7620000e+03   1.3236048e-01
   1.7630000e+03   9.0127678e-02
   1.7640000e+03   4.9601102e-02
   1.7650000e+03   1.1183211e-02
   1.7660000e+03  -2.4851067e-02
   1.7670000e+03  -5.8336749e-02
   1.7680000e+03  -8.9200721e-02
   1.7690000e+03  -1.1744408e-01
   1.7700000e+03  -1.4312564e-01
   1.7710000e+03  -1.6634719e-01
   1.7720000e+03  -1.8724066e-01
   1.7730000e+03  -2.0595747e-01
   1.7740000e+03  -2.2265981e-01
   1.7750000e+03  -2.3751383e-01
   1.7760000e+03  -2.5068443e-01
   1.7770000e+03  -2.6233146e-01
   1.7780000e+03  -2.7260712e-01
   1.7790000e+03  -2.8165419e-01
   1.7800000e+03  -2.8960509e-01
   1.7810000e+03  -2.9658144e-01
   1.7820000e+03  -3.0269404e-01
   1.7830000e+03  -3.0804315e-01
   1.7840000e+03  -3.1271899e-01
   1.7850000e+03  -3.1680234e-01
   1.7860000e+03  -3.2036522e-01
   1.7870000e+03  -3.2347163e-01
   1.7880000e+03  -3.2617825e-01
   1.7890000e+03  -3.2853514e-01
   1.7900000e+03  -3.3058643e-01
   1.7910000e+03  -3.3237094e-01
   1.7920000e+03  -3.3392272e-01
   1.7930000e+03  -3.3527164e-01
   1.7940000e+03  -3.3644387e-01
   1.7950000e+03  -3.3746225e-01
   1.7960000e+03  -3.3834676e-01
   1.7970000e+03  -3.3911483e-01
   1.7980000e+03  -3.3978167e-01
   1.7990000e+03  -3.4036051e-01
   1.8000000e+03  -3.4086289e-01
   1.8010000e+03  -3.4129886e-01
   1.8020000e+03  -3.4167714e-01
   1.8030000e+03  -3.4200534e-01
   1.8040000e+03  -3.4273978e-01
   1.8050000e+03  -3.4412232e-01
   1.8060000e+03  -3.4590340e-01
   1.8070000e+03  -3.4790281e-01
   1.8080000e+03  -3.4999222e-01
   1.8090000e+03  -3.5208204e-01
   1.8100000e+03  -3.5411152e-01
   1.8110000e+03  -3.5604116e-01
   1.8120000e+03  -3.5784707e-01
   1.8130000e+03  -3.5951659e-01
   1.8140000e+03  -3.6104512e-01
   1.8150000e+03  -3.6243361e-01
   1.8160000e+03  -3.6368678e-01
   1.8170000e+03  -3.6481176e-01
   1.8180000e+03  -3.6581711e-01
   1.8190000e+03  -3.6671214e-01
   1.8200000e+03  -3.6750633e-01
   1.8210000e+03  -3.6820908e-01
   1.8220000e+03  -3.6882941e-01
   1.8230000e+03  -3.6937582e-01
   1.8240000e+03  -3.6985626e-01
   1.8250000e+03  -3.7027799e-01
   1.8260000e+03  -3.7064768e-01
   1.8270000e+03  -3.7097135e-01
   1.8280000e+03  -3.7125442e-01
   1.8290000e+03  -3.7150173e-01
   1.8300000e+03  -3.7171763e-01
   1.8310000e+03  -3.7190597e-01
   1.8320000e+03  -3.7207014e-01
   1.8330000e+03  -3.7221317e-01
   1.8340000e+03  -3.7233771e-01
   1.8350000e+03  -3.7244611e-01
   1.8360000e+03  -3.7254041e-01
   1.8370000e+03  -3.7262241e-01
   1.8380000e+03  -3.7269371e-01
   1.8390000e+03  -3.7275567e-01
   1.8400000e+03  -3.7280951e-01
   1.8410000e+03  -3.7285627e-01
   1.8420000e+03  -3.7289689e-01
   1.8430000e+03  -3.7293215e-01
   1.8440000e+03  -3.7296277e-01
   1.8450000e+03  -3.7298935e-01
   1.8460000e+03  -3.7301241e-01
   1.8470000e+03  -3.7303243e-01
   1.8480000e+03  -3.7304980e-01
   1.8490000e+03  -3.7306487e-01
   1.8500000e+03  -3.7307794e-01
   1.8510000e+03  -3.7308928e-01
   1.8520000e+03  -3.7309912e-01
   1.8530000e+03  -3.7310765e-01
   1.8540000e+03  -3.5335370e-01
   1.8550000e+03  -3.0475832e-01
   1.8560000e+03  -2.4063319e-01
   1.8570000e+03  -1.7043358e-01
   1.8580000e+03  -1.0025385e-01
   1.8590000e+03  -3.3661683e-02
   1.8600000e+03   2.7507162e-02
   1.8610000e+03   8.2523949e-02
   1.8620000e+03   1.3132330e-01
   1.8630000e+03   1.7420842e-01
   1.8640000e+03   2.1166489e-01
   1.8650000e+03   2.4424831e-01
   1.8660000e+03   2.7251976e-01
   1.8670000e+03   2.9701123e-01
   1.8680000e+03   3.1820913e-01
   1.8690000e+03   3.3654838e-01
   1.8700000e+03   3.5241240e-01
   1.8710000e+03   3.6613610e-01
   1.8720000e+03   3.7801039e-01
   1.8730000e+03   3.8828700e-01
   1.8740000e+03   3.9718333e-01
   1.8750000e+03   4.0488690e-01
   1.8760000e+03   4.1155941e-01
   1.8770000e+03   4.1734028e-01
   1.8780000e+03   4.2234978e-01
   1.8790000e+03   4.2669168e-01
   1.8800000e+03   4.3045557e-01
   1.8810000e+03   4.3371886e-01
   1.8820000e+03   4.3654845e-01
   1.8830000e+03   4.3900220e-01
   1.8840000e+03   4.4113020e-01
   1.8850000e+03   4.4297579e-01
   1.8860000e+03   4.4457651e-01
   1.8870000e+03   4.4596489e-01
   1.8880000e+03   4.4716911e-01
   1.8890000e+03   4.4821360e-01
   1.8900000e+03   4.4911955e-01
   1.8910000e+03   4.4990533e-01
   1.8920000e+03   4.5058687e-01
   1.8930000e+03   4.5117798e-01
   1.8940000e+03   4.5169066e-01
   1.8950000e+03   4.5213531e-01
   1.8960000e+03   4.5252094e-01
   1.8970000e+03   4.5285537e-01
   1.8980000e+03   4.5314541e-01
   1.8990000e+03   4.5339693e-01
   1.9000000e+03   4.5361504e-01
   1.9010000e+03   4.5380418e-01
   1.9020000e+03   4.5396820e-01
   1.9030000e+03   4.5411042e-01
   1.9040000e+03   4.5351202e-01
   1.9050000e+03   4.5179435e-01
   1.9060000e+03   4.4936330e-01
   1.9070000e+03   4.4651298e-01
   1.9080000e+03   4.4345513e-01
   1.9090000e+03   4.4034029e-01
   1.9100000e+03   4.3727329e-01
   1.9110000e+03   4.3432482e-01
   1.9120000e+03   4.3154021e-01
   1.9130000e+03   4.2894610e-01
   1.9140000e+03   4.2655548e-01
   1.9150000e+03   4.2437161e-01
   1.9160000e+03   4.2239092e-01
   1.9170000e+03   4.2060527e-01
   1.9180000e+03   4.1900355e-01
   1.9190000e+03   4.1757298e-01
   1.9200000e+03   4.1629996e-01
   1.9210000e+03   4.1517071e-01
   1.9220000e+03   4.1417173e-01
   1.9230000e+03   4.1329008e-01
   1.9240000e+03   4.1251361e-01
   1.9250000e+03   4.1183099e-01
   1.9260000e+03   4.1123184e-01
   1.9270000e+03   4.1070668e-01
   1.9280000e+03   4.1024694e-01
   1.9290000e+03   4.0984492e-01
   1.9300000e+03   4.0949369e-01
   1.9310000e+03   4.0918710e-01
   1.9320000e+03   4.0891968e-01
   1.9330000e+03   4.0868658e-01
   1.9340000e+03   4.0848352e-01
   1.9350000e+03   4.0830672e-01
   1.9360000e+03   4.0815285e-01
   1.9370000e+03   4.0801900e-01
   1.9380000e+03   4.0790260e-01
   1.9390000e+03   4.0780141e-01
   1.9400000e+03   4.0771348e-01
   1.9410000e+03   4.0763708e-01
   1.9420000e+03   4.0757072e-01
   1.9430000e+03   4.0751309e-01
   1.9440000e+03   4.0746305e-01
   1.9450000e+03   4.0741960e-01
   1.9460000e+03   4.0738190e-01
   1.9470000e+03   4.0734917e-01
   1.9480000e+03   4.0732077e-01
   1.9490000e+03   4.0729613e-01
   1.9500000e+03   4.0727476e-01
   1.9510000e+03   4.0725621e-01
   1.9520000e+03   4.0724012e-01
   1.9530000e+03   4.0722617e-01
   1.9540000e+03   4.0459533e-01
   1.9550000e+03   3.9792633e-01
   1.9560000e+03   3.8861886e-01
   1.9570000e+03   3.7768486e-01
   1.9580000e+03   3.6586550e-01
   1.9590000e+03   3.5370480e-01
   1.9600000e+03   3.4159887e-01
   1.9610000e+03   3.2983048e-01
   1.9620000e+03   3.1859480e-01
   1.9630000e+03   3.0801924e-01
   1.9640000e+03   2.9817901e-01
   1.9650000e+03   2.8910971e-01
   1.9660000e+03   2.8081740e-01
   1.9670000e+03   2.7328667e-01
   1.9680000e+03   2.6648706e-01
   1.9690000e+03   2.6037813e-01
   1.9700000e+03   2.5491336e-01
   1.9710000e+03   2.5004313e-01
   1.9720000e+03   2.4571693e-01
   1.9730000e+03   2.4188497e-01
   1.9740000e+03   2.3849927e-01
   1.9750000e+03   2.3551443e-01
   1.9760000e+03   2.3288808e-01
   1.9770000e+03   2.3058110e-01
   1.9780000e+03   2.2855767e-01
   1.9790000e+03   2.2678531e-01
   1.9800000e+03   2.2523467e-01
   1.9810000e+03   2.2387941e-01
   1.9820000e+03   2.2269600e-01
   1.9830000e+03   2.2166348e-01
   1.9840000e+03   2.2076326e-01
   1.9850000e+03   2.1997888e-01
   1.9860000e+03   2.1929582e-01
   1.9870000e+03   2.1870129e-01
   1.9880000e+03   2.1818405e-01
   1.9890000e+03   2.1773422e-01
   1.9900000e+03   2.1734316e-01
   1.9910000e+03   2.1700329e-01
   1.9920000e+03   2.1670799e-01
   1.9930000e+03   2.1645149e-01
   1.9940000e+03   2.1622873e-01
   1.9950000e+03   2.1603531e-01
   1.9960000e+03   2.1586739e-01
   1.9970000e+03   2.1572165e-01
   1.9980000e+03   2.1559516e-01
   1.9990000e+03   2.1548539e-01
   2.0000000e+03   2.1539015e-01
