   1.0000000e+00   0.0000000e+00
   2.0000000e+00   0.0000000e+00
   3.0000000e+00   0.0000000e+00
   4.0000000e+00   6.3790133e-03
   5.0000000e+00   2.2292443e-02
   6.0000000e+00   4.3805670e-02
   7.0000000e+00   6.8081111e-02
   8.0000000e+00   9.3176654e-02
   9.0000000e+00   1.1782996e-01
   1.0000000e+01   1.4126972e-01
   1.1000000e+01   1.6306601e-01
   1.2000000e+01   1.8301855e-01
   1.3000000e+01   2.0107636e-01
   1.4000000e+01   2.1728180e-01
   1.5000000e+01   2.3173237e-01
   1.6000000e+01   2.4455520e-01
   1.7000000e+01   2.5589048e-01
   1.8000000e+01   2.6588081e-01
   1.9000000e+01   2.7466481e-01
   2.0000000e+01   2.8237327e-01
   2.1000000e+01   2.8912727e-01
   2.2000000e+01   2.9503730e-01
   2.3000000e+01   3.0020322e-01
   2.4000000e+01   3.0471457e-01
   2.5000000e+01   3.0865120e-01
   2.6000000e+01   3.1208401e-01
   2.7000000e+01   3.1507573e-01
   2.8000000e+01   3.1768167e-01
   2.9000000e+01   3.1995056e-01
   3.0000000e+01   3.2192519e-01
   3.1000000e+01   3.2364309e-01
   3.2000000e+01   3.2513716e-01
   3.3000000e+01   3.2643619e-01
   3.4000000e+01   3.2756533e-01
   3.5000000e+01   3.2854656e-01
   3.6000000e+01   3.2939908e-01
   3.7000000e+01   3.3013961e-01
   3.8000000e+01   3.3078276e-01
   3.9000000e+01   3.3134124e-01
   4.0000000e+01   3.3182612e-01
   4.1000000e+01   3.3224705e-01
   4.2000000e+01   3.3261240e-01
   4.3000000e+01   3.3292949e-01
   4.4000000e+01   3.3320466e-01
   4.5000000e+01   3.3344343e-01
   4.6000000e+01   3.3365059e-01
   4.7000000e+01   3.3383032e-01
   4.8000000e+01   3.3398624e-01
   4.9000000e+01   3.3412148e-01
   5.0000000e+01   3.3423880e-01
   5.1000000e+01   3.3434055e-01
   5.2000000e+01   3.3442880e-01
   5.3000000e+01   3.3450534e-01
   5.4000000e+01   3.2953757e-01
   5.5000000e+01   3.1672608e-01
   5.6000000e+01   2.9863771e-01
   5.7000000e+01   2.7711857e-01
   5.8000000e+01   2.5354262e-01
   5.9000000e+01   2.2895164e-01
   6.0000000e+01   2.0413881e-01
   6.1000000e+01   1.7970258e-01
   6.2000000e+01   1.5608462e-01
   6.3000000e+01   1.3359889e-01
   6.4000000e+01   1.1245544e-01
   6.5000000e+01   9.2780534e-02
   6.6000000e+01   7.4634118e-02
   6.7000000e+01   5.8024732e-02
   6.8000000e+01   4.2922267e-02
   6.9000000e+01   2.9268639e-02
   7.0000000e+01   1.6986551e-02
   7.1000000e+01   5.9865591e-03
   7.2000000e+01  -3.8273820e-03
   7.3000000e+01  -1.2553660e-02
   7.4000000e+01  -2.0289837e-02
   7.5000000e+01  -2.7130374e-02
   7.6000000e+01  -3.3165077e-02
   7.7000000e+01  -3.8478103e-02
   7.8000000e+01  -4.3147411e-02
   7.9000000e+01  -4.7244534e-02
   8.0000000e+01  -5.0834595e-02
   8.1000000e+01  -5.3976490e-02
   8.2000000e+01  -5.6723186e-02
   8.3000000e+01  -5.9122094e-02
   8.4000000e+01  -6.1215478e-02
   8.5000000e+01  -6.3040881e-02
   8.6000000e+01  -6.4631556e-02
   8.7000000e+01  -6.6016874e-02
   8.8000000e+01  -6.7222720e-02
   8.9000000e+01  -6.8271864e-02
   9.0000000e+01  -6.9184297e-02
   9.1000000e+01  -6.9977549e-02
   9.2000000e+01  -7.0666966e-02
   9.3000000e+01  -7.1265969e-02
   9.4000000e+01  -7.1786286e-02
   9.5000000e+01  -7.2238152e-02
   9.6000000e+01  -7.2630495e-02
   9.7000000e+01  -7.2971095e-02
   9.8000000e+01  -7.3266730e-02
   9.9000000e+01  -7.3523300e-02
   1.0000000e+02  -7.3745941e-02
   1.0100000e+02  -7.3939118e-02
   1.0200000e+02  -7.4106713e-02
   1.0300000e+02  -7.4252102e-02
   1.0400000e+02  -6.2461730e-02
   1.0500000e+02  -3.3086743e-02
   1.0600000e+02   6.1199238e-03
   1.0700000e+02   4.9608317e-02
   1.0800000e+02   9.3706545e-02
   1.0900000e+02   1.3616489e-01
   1.1000000e+02   1.7573170e-01
   1.1100000e+02   2.1181693e-01
   1.1200000e+02   2.4424729e-01
   1.1300000e+02   2.7309809e-01
   1.1400000e+02   2.9858237e-01
   1.1500000e+02   3.2098037e-01
   1.1600000e+02   3.4059626e-01
   1.1700000e+02   3.5773266e-01
   1.1800000e+02   3.7267653e-01
   1.1900000e+02   3.8569217e-01
   1.2000000e+02   3.9701845e-01
   1.2100000e+02   4.0686856e-01
   1.2200000e+02   4.1543117e-01
   1.2300000e+02   4.2287228e-01
   1.2400000e+02   4.2933736e-01
   1.2500000e+02   4.3495350e-01
   1.2600000e+02   4.3983159e-01
   1.2700000e+02   4.4406820e-01
   1.2800000e+02   4.4774736e-01
   1.2900000e+02   4.5094220e-01
   1.3000000e+02   4.5371626e-01
   1.3100000e+02   4.5612480e-01
   1.3200000e+02   4.5821585e-01
   1.3300000e+02   4.6003113e-01
   1.3400000e+02   4.6160691e-01
   1.3500000e+02   4.6297468e-01
   1.3600000e+02   4.6416183e-01
   1.3700000e+02   4.6519215e-01
   1.3800000e+02   4.6608628e-01
   1.3900000e+02   4.6686218e-01
   1.4000000e+02   4.6753544e-01
   1.4100000e+02   4.6811961e-01
   1.4200000e+02   4.6862643e-01
   1.4300000e+02   4.6906613e-01
   1.4400000e+02   4.6944758e-01
   1.4500000e+02   4.6977847e-01
   1.4600000e+02   4.7006550e-01
   1.4700000e+02   4.7031446e-01
   1.4800000e+02   4.7053039e-01
   1.4900000e+02   4.7071767e-01
   1.5000000e+02   4.7088010e-01
   1.5100000e+02   4.7102096e-01
   1.5200000e+02   4.7114312e-01
   1.5300000e+02   4.7124905e-01
   1.5400000e+02   4.6037099e-01
   1.5500000e+02   4.3175823e-01
   1.5600000e+02   3.8977809e-01
   1.5700000e+02   3.3735514e-01
   1.5800000e+02   2.7675336e-01
   1.5900000e+02   2.0992801e-01
   1.6000000e+02   1.3866978e-01
   1.6100000e+02   6.4645670e-02
   1.6200000e+02  -1.0608396e-02
   1.6300000e+02  -8.5712809e-02
   1.6400000e+02  -1.5947019e-01
   1.6500000e+02  -2.3088321e-01
   1.6600000e+02  -2.9916100e-01
   1.6700000e+02  -3.6371424e-01
   1.6800000e+02  -4.2414095e-01
   1.6900000e+02  -4.8020559e-01
   1.7000000e+02  -5.3181463e-01
   1.7100000e+02  -5.7899067e-01
   1.7200000e+02  -6.2184742e-01
   1.7300000e+02  -6.6056657e-01
   1.7400000e+02  -6.9537749e-01
   1.7500000e+02  -7.2654001e-01
   1.7600000e+02  -7.5433044e-01
   1.7700000e+02  -7.7903043e-01
   1.7800000e+02  -8.0091857e-01
   1.7900000e+02  -8.2026426e-01
   1.8000000e+02  -8.3732340e-01
   1.8100000e+02  -8.5233570e-01
   1.8200000e+02  -8.6552310e-01
   1.8300000e+02  -8.7708919e-01
   1.8400000e+02  -8.8721923e-01
   1.8500000e+02  -8.9608067e-01
   1.8600000e+02  -9.0382405e-01
   1.8700000e+02  -9.1058404e-01
   1.8800000e+02  -9.1648061e-01
   1.8900000e+02  -9.2162026e-01
   1.9000000e+02  -9.2609727e-01
   1.9100000e+02  -9.2999485e-01
   1.9200000e+02  -9.3338630e-01
   1.9300000e+02  -9.3633604e-01
   1.9400000e+02  -9.3890060e-01
   1.9500000e+02  -9.4112952e-01
   1.9600000e+02  -9.4306615e-01
   1.9700000e+02  -9.4474836e-01
   1.9800000e+02  -9.4620924e-01
   1.9900000e+02  -9.4747764e-01
   2.0000000e+02  -9.4857873e-01
   2.0100000e+02  -9.4953442e-01
   2.0200000e+02  -9.5036380e-01
   2.0300000e+02  -9.5108346e-01
   2.0400000e+02  -9.2812975e-01
   2.0500000e+02  -8.7042138e-01
   2.0600000e+02  -7.9345973e-01
   2.0700000e+02  -7.0832717e-01
   2.0800000e+02  -6.2230654e-01
   2.0900000e+02  -5.3980595e-01
   2.1000000e+02  -4.6322816e-01
   2.1100000e+02  -3.9365983e-01
   2.1200000e+02  -3.3136973e-01
   2.1300000e+02  -2.7614807e-01
   2.1400000e+02  -2.2752744e-01
   2.1500000e+02  -1.8492134e-01
   2.1600000e+02  -1.4770769e-01
   2.1700000e+02  -1.1527675e-01
   2.1800000e+02  -8.7056764e-02
   2.1900000e+02  -6.2525836e-02
   2.2000000e+02  -4.1215844e-02
   2.2100000e+02  -2.2711664e-02
   2.2200000e+02  -6.6479875e-03
   2.2300000e+02   7.2950009e-03
   2.2400000e+02   1.9396330e-02
   2.2500000e+02   2.9898891e-02
   2.2600000e+02   3.9013811e-02
   2.2700000e+02   4.6924442e-02
   2.2800000e+02   5.3789932e-02
   2.2900000e+02   5.9748382e-02
   2.3000000e+02   6.4919621e-02
   2.3100000e+02   6.9407617e-02
   2.3200000e+02   7.3302587e-02
   2.3300000e+02   7.6682821e-02
   2.3400000e+02   7.9616264e-02
   2.3500000e+02   8.2161890e-02
   2.3600000e+02   8.4370889e-02
   2.3700000e+02   8.6287698e-02
   2.3800000e+02   8.7950896e-02
   2.3900000e+02   8.9393973e-02
   2.4000000e+02   9.0646004e-02
   2.4100000e+02   9.1732230e-02
   2.4200000e+02   9.2674567e-02
   2.4300000e+02   9.3492037e-02
   2.4400000e+02   9.4201155e-02
   2.4500000e+02   9.4816255e-02
   2.4600000e+02   9.5349780e-02
   2.4700000e+02   9.5812531e-02
   2.4800000e+02   9.6213880e-02
   2.4900000e+02   9.6561963e-02
   2.5000000e+02   9.6863838e-02
   2.5100000e+02   9.7125630e-02
   2.5200000e+02   9.7352656e-02
   2.5300000e+02   9.7549525e-02
   2.5400000e+02   1.0566920e-01
   2.5500000e+02   1.2555737e-01
   2.5600000e+02   1.5217115e-01
   2.5700000e+02   1.8188967e-01
   2.5800000e+02   2.1227938e-01
   2.5900000e+02   2.4180704e-01
   2.6000000e+02   2.6957991e-01
   2.6100000e+02   2.9513960e-01
   2.6200000e+02   3.1831003e-01
   2.6300000e+02   3.3909082e-01
   2.6400000e+02   3.5758496e-01
   2.6500000e+02   3.7395140e-01
   2.6600000e+02   3.8837461e-01
   2.6700000e+02   4.0104580e-01
   2.6800000e+02   4.1215170e-01
   2.6900000e+02   4.2186832e-01
   2.7000000e+02   4.3035777e-01
   2.7100000e+02   4.3776709e-01
   2.7200000e+02   4.4422826e-01
   2.7300000e+02   4.4985877e-01
   2.7400000e+02   4.5476272e-01
   2.7500000e+02   4.5903189e-01
   2.7600000e+02   4.6274701e-01
   2.7700000e+02   4.6597891e-01
   2.7800000e+02   4.6878963e-01
   2.7900000e+02   4.7123342e-01
   2.8000000e+02   4.7335771e-01
   2.8100000e+02   4.7520386e-01
   2.8200000e+02   4.7680801e-01
   2.8300000e+02   4.7820161e-01
   2.8400000e+02   4.7941212e-01
   2.8500000e+02   4.8046342e-01
   2.8600000e+02   4.8137634e-01
   2.8700000e+02   4.8216897e-01
   2.8800000e+02   4.8285709e-01
   2.8900000e+02   4.8345442e-01
   2.9000000e+02   4.8397286e-01
   2.9100000e+02   4.8442281e-01
   2.9200000e+02   4.8481326e-01
   2.9300000e+02   4.8515207e-01
   2.9400000e+02   4.8544603e-01
   2.9500000e+02   4.8570107e-01
   2.9600000e+02   4.8592233e-01
   2.9700000e+02   4.8611426e-01
   2.9800000e+02   4.8628074e-01
   2.9900000e+02   4.8642515e-01
   3.0000000e+02   4.8655040e-01
   3.0100000e+02   4.8665902e-01
   3.0200000e+02   4.8675323e-01
   3.0300000e+02   4.8683493e-01
   3.0400000e+02   4.7687706e-01
   3.0500000e+02   4.5076151e-01
   3.0600000e+02   4.1258657e-01
   3.0700000e+02   3.6512853e-01
   3.0800000e+02   3.1053519e-01
   3.0900000e+02   2.5063974e-01
   3.1000000e+02   1.8709141e-01
   3.1100000e+02   1.2139603e-01
   3.1200000e+02   5.4915091e-02
   3.1300000e+02  -1.1150153e-02
   3.1400000e+02  -7.5774950e-02
   3.1500000e+02  -1.3812057e-01
   3.1600000e+02  -1.9753464e-01
   3.1700000e+02  -2.5354262e-01
   3.1800000e+02  -3.0583219e-01
   3.1900000e+02  -3.5423304e-01
   3.2000000e+02  -3.9869416e-01
   3.2100000e+02  -4.3926092e-01
   3.2200000e+02  -4.7605310e-01
   3.2300000e+02  -5.0924512e-01
   3.2400000e+02  -5.3904881e-01
   3.2500000e+02  -5.6569906e-01
   3.2600000e+02  -5.8944215e-01
   3.2700000e+02  -6.1052673e-01
   3.2800000e+02  -6.2919697e-01
   3.2900000e+02  -6.4568768e-01
   3.3000000e+02  -6.6022092e-01
   3.3100000e+02  -6.7300398e-01
   3.3200000e+02  -6.8422821e-01
   3.3300000e+02  -6.9406873e-01
   3.3400000e+02  -7.0268458e-01
   3.3500000e+02  -7.1021928e-01
   3.3600000e+02  -7.1680166e-01
   3.3700000e+02  -7.2254683e-01
   3.3800000e+02  -7.2755724e-01
   3.3900000e+02  -7.3192377e-01
   3.4000000e+02  -7.3572678e-01
   3.4100000e+02  -7.3903718e-01
   3.4200000e+02  -7.4191739e-01
   3.4300000e+02  -7.4442223e-01
   3.4400000e+02  -7.4659982e-01
   3.4500000e+02  -7.4849228e-01
   3.4600000e+02  -7.5013646e-01
   3.4700000e+02  -7.5156457e-01
   3.4800000e+02  -7.5280472e-01
   3.4900000e+02  -7.5388143e-01
   3.5000000e+02  -7.5481609e-01
   3.5100000e+02  -7.5562730e-01
   3.5200000e+02  -7.5633127e-01
   3.5300000e+02  -7.5694210e-01
   3.5400000e+02  -7.2471532e-01
   3.5500000e+02  -6.4519088e-01
   3.5600000e+02  -5.4136695e-01
   3.5700000e+02  -4.2941153e-01
   3.5800000e+02  -3.1939943e-01
   3.5900000e+02  -2.1687916e-01
   3.6000000e+02  -1.2439312e-01
   3.6100000e+02  -4.2652449e-02
   3.6200000e+02   2.8656029e-02
   3.6300000e+02   9.0357184e-02
   3.6400000e+02   1.4348151e-01
   3.6500000e+02   1.8909340e-01
   3.6600000e+02   2.2820208e-01
   3.6700000e+02   2.6172123e-01
   3.6800000e+02   2.9045579e-01
   3.6900000e+02   3.1510339e-01
   3.7000000e+02   3.3626256e-01
   3.7100000e+02   3.5444387e-01
   3.7200000e+02   3.7008143e-01
   3.7300000e+02   3.8354391e-01
   3.7400000e+02   3.9514432e-01
   3.7500000e+02   4.0514860e-01
   3.7600000e+02   4.1378299e-01
   3.7700000e+02   4.2124021e-01
   3.7800000e+02   4.2768468e-01
   3.7900000e+02   4.3325696e-01
   3.8000000e+02   4.3807735e-01
   3.8100000e+02   4.4224900e-01
   3.8200000e+02   4.4586048e-01
   3.8300000e+02   4.4898793e-01
   3.8400000e+02   4.5169691e-01
   3.8500000e+02   4.5404390e-01
   3.8600000e+02   4.5607764e-01
   3.8700000e+02   4.5784019e-01
   3.8800000e+02   4.5936789e-01
   3.8900000e+02   4.6069216e-01
   3.9000000e+02   4.6184018e-01
   3.9100000e+02   4.6283547e-01
   3.9200000e+02   4.6369838e-01
   3.9300000e+02   4.6444656e-01
   3.9400000e+02   4.6509526e-01
   3.9500000e+02   4.6565773e-01
   3.9600000e+02   4.6614544e-01
   3.9700000e+02   4.6656832e-01
   3.9800000e+02   4.6693499e-01
   3.9900000e+02   4.6725293e-01
   4.0000000e+02   4.6752861e-01
   4.0100000e+02   4.6776764e-01
   4.0200000e+02   4.6797489e-01
   4.0300000e+02   4.6815460e-01
   4.0400000e+02   4.6734485e-01
   4.0500000e+02   4.6503699e-01
   4.0600000e+02   4.6177030e-01
   4.0700000e+02   4.5793542e-01
   4.0800000e+02   4.5381431e-01
   4.0900000e+02   4.4960845e-01
   4.1000000e+02   4.4545912e-01
   4.1100000e+02   4.4146253e-01
   4.1200000e+02   4.3768114e-01
   4.1300000e+02   4.3415239e-01
   4.1400000e+02   4.3089528e-01
   4.1500000e+02   4.2791551e-01
   4.1600000e+02   4.2520939e-01
   4.1700000e+02   4.2276682e-01
   4.1800000e+02   4.2057350e-01
   4.1900000e+02   4.1861266e-01
   4.2000000e+02   4.1686628e-01
   4.2100000e+02   4.1531595e-01
   4.2200000e+02   4.1394355e-01
   4.2300000e+02   4.1273164e-01
   4.2400000e+02   4.1166373e-01
   4.2500000e+02   4.1072448e-01
   4.2600000e+02   4.0989974e-01
   4.2700000e+02   4.0917660e-01
   4.2800000e+02   4.0854335e-01
   4.2900000e+02   4.0798944e-01
   4.3000000e+02   4.0750541e-01
   4.3100000e+02   4.0708282e-01
   4.3200000e+02   4.0671415e-01
   4.3300000e+02   4.0639274e-01
   4.3400000e+02   4.0611271e-01
   4.3500000e+02   4.0586886e-01
   4.3600000e+02   4.0565662e-01
   4.3700000e+02   4.0547198e-01
   4.3800000e+02   4.0531140e-01
   4.3900000e+02   4.0517180e-01
   4.4000000e+02   4.0505047e-01
   4.4100000e+02   4.0494505e-01
   4.4200000e+02   4.0485348e-01
   4.4300000e+02   4.0477395e-01
   4.4400000e+02   4.0470490e-01
   4.4500000e+02   4.0464495e-01
   4.4600000e+02   4.0459291e-01
   4.4700000e+02   4.0454775e-01
   4.4800000e+02   4.0450855e-01
   4.4900000e+02   4.0447455e-01
   4.5000000e+02   4.0444504e-01
   4.5100000e+02   4.0441945e-01
   4.5200000e+02   4.0439724e-01
   4.5300000e+02   4.0437798e-01
   4.5400000e+02   4.0526092e-01
   4.5500000e+02   4.0751020e-01
   4.5600000e+02   4.1060328e-01
   4.5700000e+02   4.1416164e-01
   4.5800000e+02   4.1791758e-01
   4.5900000e+02   4.2168682e-01
   4.6000000e+02   4.2534681e-01
   4.6100000e+02   4.2881993e-01
   4.6200000e+02   4.3206082e-01
   4.6300000e+02   4.3504681e-01
   4.6400000e+02   4.3777095e-01
   4.6500000e+02   4.4023685e-01
   4.6600000e+02   4.4245497e-01
   4.6700000e+02   4.4443993e-01
   4.6800000e+02   4.4620869e-01
   4.6900000e+02   4.4777918e-01
   4.7000000e+02   4.4916944e-01
   4.7100000e+02   4.5039698e-01
   4.7200000e+02   4.5147849e-01
   4.7300000e+02   4.5242954e-01
   4.7400000e+02   4.5326449e-01
   4.7500000e+02   4.5399647e-01
   4.7600000e+02   4.5463738e-01
   4.7700000e+02   4.5519794e-01
   4.7800000e+02   4.5568775e-01
   4.7900000e+02   4.5611538e-01
   4.8000000e+02   4.5648843e-01
   4.8100000e+02   4.5681367e-01
   4.8200000e+02   4.5709704e-01
   4.8300000e+02   4.5734381e-01
   4.8400000e+02   4.5755860e-01
   4.8500000e+02   4.5774548e-01
   4.8600000e+02   4.5790802e-01
   4.8700000e+02   4.5804933e-01
   4.8800000e+02   4.5817216e-01
   4.8900000e+02   4.5827890e-01
   4.9000000e+02   4.5837162e-01
   4.9100000e+02   4.5845215e-01
   4.9200000e+02   4.5852209e-01
   4.9300000e+02   4.5858280e-01
   4.9400000e+02   4.5863551e-01
   4.9500000e+02   4.5868126e-01
   4.9600000e+02   4.5872097e-01
   4.9700000e+02   4.5875542e-01
   4.9800000e+02   4.5878532e-01
   4.9900000e+02   4.5881125e-01
   5.0000000e+02   4.5883375e-01
   5.0100000e+02   4.5885327e-01
   5.0200000e+02   4.5887020e-01
   5.0300000e+02   4.5888489e-01
   5.0400000e+02   4.5942542e-01
   5.0500000e+02   4.6076571e-01
   5.0600000e+02   4.6260170e-01
   5.0700000e+02   4.6471316e-01
   5.0800000e+02   4.6694392e-01
   5.0900000e+02   4.6918587e-01
   5.1000000e+02   4.7136657e-01
   5.1100000e+02   4.7343963e-01
   5.1200000e+02   4.7537750e-01
   5.1300000e+02   4.7716599e-01
   5.1400000e+02   4.7880024e-01
   5.1500000e+02   4.8028177e-01
   5.1600000e+02   4.8161622e-01
   5.1700000e+02   4.8281187e-01
   5.1800000e+02   4.8387847e-01
   5.1900000e+02   4.8482645e-01
   5.2000000e+02   4.8566637e-01
   5.2100000e+02   4.8640858e-01
   5.2200000e+02   4.8706294e-01
   5.2300000e+02   4.8763872e-01
   5.2400000e+02   4.8814449e-01
   5.2500000e+02   4.8858809e-01
   5.2600000e+02   4.8897667e-01
   5.2700000e+02   4.8931665e-01
   5.2800000e+02   4.8961382e-01
   5.2900000e+02   4.8987333e-01
   5.3000000e+02   4.9009978e-01
   5.3100000e+02   4.9029725e-01
   5.3200000e+02   4.9046933e-01
   5.3300000e+02   4.9061920e-01
   5.3400000e+02   4.9074968e-01
   5.3500000e+02   4.9086321e-01
   5.3600000e+02   4.9096197e-01
   5.3700000e+02   4.9104784e-01
   5.3800000e+02   4.9112248e-01
   5.3900000e+02   4.9118734e-01
   5.4000000e+02   4.9124369e-01
   5.4100000e+02   4.9129264e-01
   5.4200000e+02   4.9133515e-01
   5.4300000e+02   4.9137206e-01
   5.4400000e+02   4.9140410e-01
   5.4500000e+02   4.9143191e-01
   5.4600000e+02   4.9145604e-01
   5.4700000e+02   4.9147699e-01
   5.4800000e+02   4.9149516e-01
   5.4900000e+02   4.9151093e-01
   5.5000000e+02   4.9152461e-01
   5.5100000e+02   4.9153648e-01
   5.5200000e+02   4.9154677e-01
   5.5300000e+02   4.9155570e-01
   5.5400000e+02   4.9159201e-01
   5.5500000e+02   4.9167078e-01
   5.5600000e+02   4.9177590e-01
   5.5700000e+02   4.9189568e-01
   5.5800000e+02   4.9202182e-01
   5.5900000e+02   4.9214852e-01
   5.6000000e+02   4.9227188e-01
   5.6100000e+02   4.9238932e-01
   5.6200000e+02   4.9249932e-01
   5.6300000e+02   4.9260104e-01
   5.6400000e+02   4.9269418e-01
   5.6500000e+02   4.9277879e-01
   5.6600000e+02   4.9285513e-01
   5.6700000e+02   4.9292366e-01
   5.6800000e+02   4.9298488e-01
   5.6900000e+02   4.9303937e-01
   5.7000000e+02   4.9308771e-01
   5.7100000e+02   4.9313048e-01
   5.7200000e+02   4.9316822e-01
   5.7300000e+02   4.9320147e-01
   5.7400000e+02   4.9323069e-01
   5.7500000e+02   4.9325634e-01
   5.7600000e+02   4.9327882e-01
   5.7700000e+02   4.9329850e-01
   5.7800000e+02   4.9331571e-01
   5.7900000e+02   4.9333074e-01
   5.8000000e+02   4.9334387e-01
   5.8100000e+02   4.9335531e-01
   5.8200000e+02   4.9336529e-01
   5.8300000e+02   4.9337399e-01
   5.8400000e+02   4.9338156e-01
   5.8500000e+02   4.9338814e-01
   5.8600000e+02   4.9339387e-01
   5.8700000e+02   4.9339886e-01
   5.8800000e+02   4.9340319e-01
   5.8900000e+02   4.9340696e-01
   5.9000000e+02   4.9341023e-01
   5.9100000e+02   4.9341307e-01
   5.9200000e+02   4.9341554e-01
   5.9300000e+02   4.9341768e-01
   5.9400000e+02   4.9341954e-01
   5.9500000e+02   4.9342116e-01
   5.9600000e+02   4.9342256e-01
   5.9700000e+02   4.9342378e-01
   5.9800000e+02   4.9342483e-01
   5.9900000e+02   4.9342575e-01
   6.0000000e+02   4.9342654e-01
   6.0100000e+02   4.9342723e-01
   6.0200000e+02   4.9342783e-01
   6.0300000e+02   4.9342835e-01
   6.0400000e+02   4.9347877e-01
   6.0500000e+02   4.9360521e-01
   6.0600000e+02   4.9377921e-01
   6.0700000e+02   4.9398014e-01
   6.0800000e+02   4.9419329e-01
   6.0900000e+02   4.9440839e-01
   6.1000000e+02   4.9461843e-01
   6.1100000e+02   4.9481886e-01
   6.1200000e+02   4.9500687e-01
   6.1300000e+02   4.9518097e-01
   6.1400000e+02   4.9534053e-01
   6.1500000e+02   4.9548557e-01
   6.1600000e+02   4.9561654e-01
   6.1700000e+02   4.9573415e-01
   6.1800000e+02   4.9583928e-01
   6.1900000e+02   4.9593288e-01
   6.2000000e+02   4.9601594e-01
   6.2100000e+02   4.9608944e-01
   6.2200000e+02   4.9615432e-01
   6.2300000e+02   4.9621148e-01
   6.2400000e+02   4.9626173e-01
   6.2500000e+02   4.9630584e-01
   6.2600000e+02   4.9634451e-01
   6.2700000e+02   4.9637837e-01
   6.2800000e+02   4.9640798e-01
   6.2900000e+02   4.9643385e-01
   6.3000000e+02   4.9645643e-01
   6.3100000e+02   4.9647613e-01
   6.3200000e+02   4.9649330e-01
   6.3300000e+02   4.9650827e-01
   6.3400000e+02   4.9652129e-01
   6.3500000e+02   4.9653263e-01
   6.3600000e+02   4.9654250e-01
   6.3700000e+02   4.9655108e-01
   6.3800000e+02   4.9655854e-01
   6.3900000e+02   4.9656502e-01
   6.4000000e+02   4.9657065e-01
   6.4100000e+02   4.9657554e-01
   6.4200000e+02   4.9657979e-01
   6.4300000e+02   4.9658348e-01
   6.4400000e+02   4.9658669e-01
   6.4500000e+02   4.9658947e-01
   6.4600000e+02   4.9659188e-01
   6.4700000e+02   4.9659398e-01
   6.4800000e+02   4.9659579e-01
   6.4900000e+02   4.9659737e-01
   6.5000000e+02   4.9659874e-01
   6.5100000e+02   4.9659992e-01
   6.5200000e+02   4.9660095e-01
   6.5300000e+02   4.9660185e-01
   6.5400000e+02   4.9612325e-01
   6.5500000e+02   4.9491248e-01
   6.5600000e+02   4.9323883e-01
   6.5700000e+02   4.9129738e-01
   6.5800000e+02   4.8922821e-01
   6.5900000e+02   4.8713036e-01
   6.6000000e+02   4.8507232e-01
   6.6100000e+02   4.8309980e-01
   6.6200000e+02   4.8124168e-01
   6.6300000e+02   4.7951448e-01
   6.6400000e+02   4.7792583e-01
   6.6500000e+02   4.7647701e-01
   6.6600000e+02   4.7516491e-01
   6.6700000e+02   4.7398355e-01
   6.6800000e+02   4.7292508e-01
   6.6900000e+02   4.7198065e-01
   6.7000000e+02   4.7114098e-01
   6.7100000e+02   4.7039671e-01
   6.7200000e+02   4.6973875e-01
   6.7300000e+02   4.6915841e-01
   6.7400000e+02   4.6864758e-01
   6.7500000e+02   4.6819869e-01
   6.7600000e+02   4.6780486e-01
   6.7700000e+02   4.6745978e-01
   6.7800000e+02   4.6715778e-01
   6.7900000e+02   4.6689377e-01
   6.8000000e+02   4.6666317e-01
   6.8100000e+02   4.6646192e-01
   6.8200000e+02   4.6628642e-01
   6.8300000e+02   4.6613346e-01
   6.8400000e+02   4.6600023e-01
   6.8500000e+02   4.6588425e-01
   6.8600000e+02   4.6578332e-01
   6.8700000e+02   4.6569553e-01
   6.8800000e+02   4.6561919e-01
   6.8900000e+02   4.6555284e-01
   6.9000000e+02   4.6549517e-01
   6.9100000e+02   4.6544508e-01
   6.9200000e+02   4.6540157e-01
   6.9300000e+02   4.6536378e-01
   6.9400000e+02   4.6533097e-01
   6.9500000e+02   4.6530249e-01
   6.9600000e+02   4.6527778e-01
   6.9700000e+02   4.6525632e-01
   6.9800000e+02   4.6523771e-01
   6.9900000e+02   4.6522155e-01
   7.0000000e+02   4.6520754e-01
   7.0100000e+02   4.6519538e-01
   7.0200000e+02   4.6518484e-01
   7.0300000e+02   4.6517569e-01
   7.0400000e+02   4.6416647e-01
   7.0500000e+02   4.6162504e-01
   7.0600000e+02   4.5810654e-01
   7.0700000e+02   4.5401305e-01
   7.0800000e+02   4.4963480e-01
   7.0900000e+02   4.4517914e-01
   7.1000000e+02   4.4079140e-01
   7.1100000e+02   4.3657041e-01
   7.1200000e+02   4.3258022e-01
   7.1300000e+02   4.2885897e-01
   7.1400000e+02   4.2542580e-01
   7.1500000e+02   4.2228609e-01
   7.1600000e+02   4.1943551e-01
   7.1700000e+02   4.1686310e-01
   7.1800000e+02   4.1455360e-01
   7.1900000e+02   4.1248918e-01
   7.2000000e+02   4.1065076e-01
   7.2100000e+02   4.0901888e-01
   7.2200000e+02   4.0757441e-01
   7.2300000e+02   4.0629894e-01
   7.2400000e+02   4.0517509e-01
   7.2500000e+02   4.0418669e-01
   7.2600000e+02   4.0331884e-01
   7.2700000e+02   4.0255794e-01
   7.2800000e+02   4.0189163e-01
   7.2900000e+02   4.0130883e-01
   7.3000000e+02   4.0079957e-01
   7.3100000e+02   4.0035496e-01
   7.3200000e+02   3.9996709e-01
   7.3300000e+02   3.9962895e-01
   7.3400000e+02   3.9933435e-01
   7.3500000e+02   3.9907782e-01
   7.3600000e+02   3.9885454e-01
   7.3700000e+02   3.9866030e-01
   7.3800000e+02   3.9849138e-01
   7.3900000e+02   3.9834452e-01
   7.4000000e+02   3.9821689e-01
   7.4100000e+02   3.9810600e-01
   7.4200000e+02   3.9800968e-01
   7.4300000e+02   3.9792602e-01
   7.4400000e+02   3.9785338e-01
   7.4500000e+02   3.9779032e-01
   7.4600000e+02   3.9773558e-01
   7.4700000e+02   3.9768808e-01
   7.4800000e+02   3.9764685e-01
   7.4900000e+02   3.9761108e-01
   7.5000000e+02   3.9758005e-01
   7.5100000e+02   3.9755312e-01
   7.5200000e+02   3.9752977e-01
   7.5300000e+02   3.9750951e-01
   7.5400000e+02   3.9902496e-01
   7.5500000e+02   4.0286024e-01
   7.5600000e+02   4.0811313e-01
   7.5700000e+02   4.1413047e-01
   7.5800000e+02   4.2045339e-01
   7.5900000e+02   4.2676973e-01
   7.6000000e+02   4.3287544e-01
   7.6100000e+02   4.3864441e-01
   7.6200000e+02   4.4400567e-01
   7.6300000e+02   4.4892654e-01
   7.6400000e+02   4.5340020e-01
   7.6500000e+02   4.5743686e-01
   7.6600000e+02   4.6105741e-01
   7.6700000e+02   4.6428897e-01
   7.6800000e+02   4.6716185e-01
   7.6900000e+02   4.6970738e-01
   7.7000000e+02   4.7195661e-01
   7.7100000e+02   4.7393935e-01
   7.7200000e+02   4.7568369e-01
   7.7300000e+02   4.7721564e-01
   7.7400000e+02   4.7855907e-01
   7.7500000e+02   4.7973566e-01
   7.7600000e+02   4.8076498e-01
   7.7700000e+02   4.8166456e-01
   7.7800000e+02   4.8245008e-01
   7.7900000e+02   4.8313548e-01
   7.8000000e+02   4.8373311e-01
   7.8100000e+02   4.8425389e-01
   7.8200000e+02   4.8470747e-01
   7.8300000e+02   4.8510233e-01
   7.8400000e+02   4.8544592e-01
   7.8500000e+02   4.8574479e-01
   7.8600000e+02   4.8600467e-01
   7.8700000e+02   4.8623057e-01
   7.8800000e+02   4.8642689e-01
   7.8900000e+02   4.8659746e-01
   7.9000000e+02   4.8674562e-01
   7.9100000e+02   4.8687428e-01
   7.9200000e+02   4.8698600e-01
   7.9300000e+02   4.8708300e-01
   7.9400000e+02   4.8716719e-01
   7.9500000e+02   4.8724026e-01
   7.9600000e+02   4.8730367e-01
   7.9700000e+02   4.8735870e-01
   7.9800000e+02   4.8740644e-01
   7.9900000e+02   4.8744786e-01
   8.0000000e+02   4.8748379e-01
   8.0100000e+02   4.8751495e-01
   8.0200000e+02   4.8754199e-01
   8.0300000e+02   4.8756544e-01
   8.0400000e+02   4.8593527e-01
   8.0500000e+02   4.8176536e-01
   8.0600000e+02   4.7595420e-01
   8.0700000e+02   4.6915199e-01
   8.0800000e+02   4.6183178e-01
   8.0900000e+02   4.5433641e-01
   8.1000000e+02   4.4691115e-01
   8.1100000e+02   4.3972726e-01
   8.1200000e+02   4.3289966e-01
   8.1300000e+02   4.2650046e-01
   8.1400000e+02   4.2056958e-01
   8.1500000e+02   4.1512298e-01
   8.1600000e+02   4.1015924e-01
   8.1700000e+02   4.0566464e-01
   8.1800000e+02   4.0161709e-01
   8.1900000e+02   3.9798925e-01
   8.2000000e+02   3.9475075e-01
   8.2100000e+02   3.9186995e-01
   8.2200000e+02   3.8931515e-01
   8.2300000e+02   3.8705550e-01
   8.2400000e+02   3.8506156e-01
   8.2500000e+02   3.8330566e-01
   8.2600000e+02   3.8176218e-01
   8.2700000e+02   3.8040755e-01
   8.2800000e+02   3.7922032e-01
   8.2900000e+02   3.7818108e-01
   8.3000000e+02   3.7727238e-01
   8.3100000e+02   3.7647857e-01
   8.3200000e+02   3.7578573e-01
   8.3300000e+02   3.7518145e-01
   8.3400000e+02   3.7465478e-01
   8.3500000e+02   3.7419601e-01
   8.3600000e+02   3.7379660e-01
   8.3700000e+02   3.7344904e-01
   8.3800000e+02   3.7314672e-01
   8.3900000e+02   3.7288384e-01
   8.4000000e+02   3.7265534e-01
   8.4100000e+02   3.7245677e-01
   8.4200000e+02   3.7228427e-01
   8.4300000e+02   3.7213444e-01
   8.4400000e+02   3.7200433e-01
   8.4500000e+02   3.7189136e-01
   8.4600000e+02   3.7179330e-01
   8.4700000e+02   3.7170819e-01
   8.4800000e+02   3.7163433e-01
   8.4900000e+02   3.7157024e-01
   8.5000000e+02   3.7151463e-01
   8.5100000e+02   3.7146638e-01
   8.5200000e+02   3.7142453e-01
   8.5300000e+02   3.7138822e-01
   8.5400000e+02   3.7346957e-01
   8.5500000e+02   3.7874156e-01
   8.5600000e+02   3.8594780e-01
   8.5700000e+02   3.9417913e-01
   8.5800000e+02   4.0280017e-01
   8.5900000e+02   4.1138273e-01
   8.6000000e+02   4.1965064e-01
   8.6100000e+02   4.2743659e-01
   8.6200000e+02   4.3464950e-01
   8.6300000e+02   4.4125040e-01
   8.6400000e+02   4.4723510e-01
   8.6500000e+02   4.5262178e-01
   8.6600000e+02   4.5744231e-01
   8.6700000e+02   4.6173619e-01
   8.6800000e+02   4.6554651e-01
   8.6900000e+02   4.6891719e-01
   8.7000000e+02   4.7189122e-01
   8.7100000e+02   4.7450952e-01
   8.7200000e+02   4.7681039e-01
   8.7300000e+02   4.7882909e-01
   8.7400000e+02   4.8059781e-01
   8.7500000e+02   4.8214568e-01
   8.7600000e+02   4.8349888e-01
   8.7700000e+02   4.8468083e-01
   8.7800000e+02   4.8571237e-01
   8.7900000e+02   4.8661202e-01
   8.8000000e+02   4.8739615e-01
   8.8100000e+02   4.8807923e-01
   8.8200000e+02   4.8867397e-01
   8.8300000e+02   4.8919158e-01
   8.8400000e+02   4.8964189e-01
   8.8500000e+02   4.9003350e-01
   8.8600000e+02   4.9037397e-01
   8.8700000e+02   4.9066988e-01
   8.8800000e+02   4.9092700e-01
   8.8900000e+02   4.9115037e-01
   8.9000000e+02   4.9134437e-01
   8.9100000e+02   4.9151284e-01
   8.9200000e+02   4.9165910e-01
   8.9300000e+02   4.9178608e-01
   8.9400000e+02   4.9189629e-01
   8.9500000e+02   4.9199194e-01
   8.9600000e+02   4.9207495e-01
   8.9700000e+02   4.9214697e-01
   8.9800000e+02   4.9220946e-01
   8.9900000e+02   4.9226367e-01
   9.0000000e+02   4.9231069e-01
   9.0100000e+02   4.9235148e-01
   9.0200000e+02   4.9238686e-01
   9.0300000e+02   4.9241755e-01
   9.0400000e+02   4.9246756e-01
   9.0500000e+02   4.9254966e-01
   9.0600000e+02   4.9265099e-01
   9.0700000e+02   4.9276231e-01
   9.0800000e+02   4.9287709e-01
   9.0900000e+02   4.9299080e-01
   9.1000000e+02   4.9310045e-01
   9.1100000e+02   4.9320412e-01
   9.1200000e+02   4.9330069e-01
   9.1300000e+02   4.9338963e-01
   9.1400000e+02   4.9347079e-01
   9.1500000e+02   4.9354432e-01
   9.1600000e+02   4.9361052e-01
   9.1700000e+02   4.9366982e-01
   9.1800000e+02   4.9372272e-01
   9.1900000e+02   4.9376975e-01
   9.2000000e+02   4.9381142e-01
   9.2100000e+02   4.9384825e-01
   9.2200000e+02   4.9388072e-01
   9.2300000e+02   4.9390930e-01
   9.2400000e+02   4.9393441e-01
   9.2500000e+02   4.9395643e-01
   9.2600000e+02   4.9397573e-01
   9.2700000e+02   4.9399261e-01
   9.2800000e+02   4.9400737e-01
   9.2900000e+02   4.9402026e-01
   9.3000000e+02   4.9403151e-01
   9.3100000e+02   4.9404131e-01
   9.3200000e+02   4.9404986e-01
   9.3300000e+02   4.9405731e-01
   9.3400000e+02   4.9406379e-01
   9.3500000e+02   4.9406943e-01
   9.3600000e+02   4.9407433e-01
   9.3700000e+02   4.9407860e-01
   9.3800000e+02   4.9408231e-01
   9.3900000e+02   4.9408553e-01
   9.4000000e+02   4.9408833e-01
   9.4100000e+02   4.9409076e-01
   9.4200000e+02   4.9409287e-01
   9.4300000e+02   4.9409471e-01
   9.4400000e+02   4.9409630e-01
   9.4500000e+02   4.9409768e-01
   9.4600000e+02   4.9409888e-01
   9.4700000e+02   4.9409992e-01
   9.4800000e+02   4.9410082e-01
   9.4900000e+02   4.9410160e-01
   9.5000000e+02   4.9410228e-01
   9.5100000e+02   4.9410287e-01
   9.5200000e+02   4.9410338e-01
   9.5300000e+02   4.9410383e-01
   9.5400000e+02   4.8389607e-01
   9.5500000e+02   4.5721742e-01
   9.5600000e+02   4.1817751e-01
   9.5700000e+02   3.6954495e-01
   9.5800000e+02   3.1346358e-01
   9.5900000e+02   2.5177544e-01
   9.6000000e+02   1.8615386e-01
   9.6100000e+02   1.1814274e-01
   9.6200000e+02   4.9152197e-02
   9.6300000e+02  -1.9561641e-02
   9.6400000e+02  -8.6917227e-02
   9.6500000e+02  -1.5202097e-01
   9.6600000e+02  -2.1417053e-01
   9.6700000e+02  -2.7284826e-01
   9.6800000e+02  -3.2770670e-01
   9.6900000e+02  -3.7854854e-01
   9.7000000e+02  -4.2530361e-01
   9.7100000e+02  -4.6800522e-01
   9.7200000e+02  -5.0676718e-01
   9.7300000e+02  -5.4176296e-01
   9.7400000e+02  -5.7320742e-01
   9.7500000e+02  -6.0134145e-01
   9.7600000e+02  -6.2641945e-01
   9.7700000e+02  -6.4869959e-01
   9.7800000e+02  -6.6843634e-01
   9.7900000e+02  -6.8587510e-01
   9.8000000e+02  -7.0124853e-01
   9.8100000e+02  -7.1477416e-01
   9.8200000e+02  -7.2665316e-01
   9.8300000e+02  -7.3706982e-01
   9.8400000e+02  -7.4619171e-01
   9.8500000e+02  -7.5417016e-01
   9.8600000e+02  -7.6114113e-01
   9.8700000e+02  -7.6722617e-01
   9.8800000e+02  -7.7253352e-01
   9.8900000e+02  -7.7715922e-01
   9.9000000e+02  -7.8118827e-01
   9.9100000e+02  -7.8469565e-01
   9.9200000e+02  -7.8774742e-01
   9.9300000e+02  -7.9040160e-01
   9.9400000e+02  -7.9270911e-01
   9.9500000e+02  -7.9471455e-01
   9.9600000e+02  -7.9645695e-01
   9.9700000e+02  -7.9797042e-01
   9.9800000e+02  -7.9928472e-01
   9.9900000e+02  -8.0042584e-01
   1.0000000e+03  -8.0141642e-01
   1.0010000e+03  -8.0227618e-01
   1.0020000e+03  -8.0302230e-01
   1.0030000e+03  -8.0366971e-01
   1.0040000e+03  -7.6880369e-01
   1.0050000e+03  -6.8293788e-01
   1.0060000e+03  -5.7117914e-01
   1.0070000e+03  -4.5112632e-01
   1.0080000e+03  -3.3365323e-01
   1.0090000e+03  -2.2465621e-01
   1.0100000e+03  -1.2675220e-01
   1.0110000e+03  -4.0584299e-02
   1.0120000e+03   3.4289184e-02
   1.0130000e+03   9.8836106e-02
   1.0140000e+03   1.5422167e-01
   1.0150000e+03   2.0162735e-01
   1.0160000e+03   2.4215965e-01
   1.0170000e+03   2.7681082e-01
   1.0180000e+03   3.0644830e-01
   1.0190000e+03   3.3181880e-01
   1.0200000e+03   3.5355928e-01
   1.0210000e+03   3.7221020e-01
   1.0220000e+03   3.8822899e-01
   1.0230000e+03   4.0200248e-01
   1.0240000e+03   4.1385785e-01
   1.0250000e+03   4.2407215e-01
   1.0260000e+03   4.3288034e-01
   1.0270000e+03   4.4048202e-01
   1.0280000e+03   4.4704709e-01
   1.0290000e+03   4.5272041e-01
   1.0300000e+03   4.5762578e-01
   1.0310000e+03   4.6186913e-01
   1.0320000e+03   4.6554130e-01
   1.0330000e+03   4.6872026e-01
   1.0340000e+03   4.7147307e-01
   1.0350000e+03   4.7385745e-01
   1.0360000e+03   4.7592313e-01
   1.0370000e+03   4.7771302e-01
   1.0380000e+03   4.7926417e-01
   1.0390000e+03   4.8060858e-01
   1.0400000e+03   4.8177391e-01
   1.0410000e+03   4.8278409e-01
   1.0420000e+03   4.8365984e-01
   1.0430000e+03   4.8441908e-01
   1.0440000e+03   4.8507733e-01
   1.0450000e+03   4.8564805e-01
   1.0460000e+03   4.8614287e-01
   1.0470000e+03   4.8657191e-01
   1.0480000e+03   4.8694391e-01
   1.0490000e+03   4.8726645e-01
   1.0500000e+03   4.8754611e-01
   1.0510000e+03   4.8778859e-01
   1.0520000e+03   4.8799883e-01
   1.0530000e+03   4.8818112e-01
   1.0540000e+03   4.7797611e-01
   1.0550000e+03   4.5103573e-01
   1.0560000e+03   4.1153631e-01
   1.0570000e+03   3.6228734e-01
   1.0580000e+03   3.0546238e-01
   1.0590000e+03   2.4292865e-01
   1.0600000e+03   1.7638288e-01
   1.0610000e+03   1.0739155e-01
   1.0620000e+03   3.7386419e-02
   1.0630000e+03  -3.2356052e-02
   1.0640000e+03  -1.0073593e-01
   1.0650000e+03  -1.6684364e-01
   1.0660000e+03  -2.2996353e-01
   1.0670000e+03  -2.8956747e-01
   1.0680000e+03  -3.4530026e-01
   1.0690000e+03  -3.9695938e-01
   1.0700000e+03  -4.4447174e-01
   1.0710000e+03  -4.8786958e-01
   1.0720000e+03  -5.2726723e-01
   1.0730000e+03  -5.6283990e-01
   1.0740000e+03  -5.9480505e-01
   1.0750000e+03  -6.2340679e-01
   1.0760000e+03  -6.4890315e-01
   1.0770000e+03  -6.7155610e-01
   1.0780000e+03  -6.9162399e-01
   1.0790000e+03  -7.0935601e-01
   1.0800000e+03  -7.2498849e-01
   1.0810000e+03  -7.3874245e-01
   1.0820000e+03  -7.5082229e-01
   1.0830000e+03  -7.6141532e-01
   1.0840000e+03  -7.7069183e-01
   1.0850000e+03  -7.7880566e-01
   1.0860000e+03  -7.8589503e-01
   1.0870000e+03  -7.9208350e-01
   1.0880000e+03  -7.9748112e-01
   1.0890000e+03  -8.0218555e-01
   1.0900000e+03  -8.0628321e-01
   1.0910000e+03  -8.0985035e-01
   1.0920000e+03  -8.1295413e-01
   1.0930000e+03  -8.1565356e-01
   1.0940000e+03  -8.1800043e-01
   1.0950000e+03  -8.2004008e-01
   1.0960000e+03  -8.2181221e-01
   1.0970000e+03  -8.2335151e-01
   1.0980000e+03  -8.2468825e-01
   1.0990000e+03  -8.2584885e-01
   1.1000000e+03  -8.2685634e-01
   1.1010000e+03  -8.2773078e-01
   1.1020000e+03  -8.2848964e-01
   1.1030000e+03  -8.2914811e-01
   1.1040000e+03  -8.1557145e-01
   1.1050000e+03  -7.8084393e-01
   1.1060000e+03  -7.3383249e-01
   1.1070000e+03  -6.8092776e-01
   1.1080000e+03  -6.2646772e-01
   1.1090000e+03  -5.7322994e-01
   1.1100000e+03  -5.2287241e-01
   1.1110000e+03  -4.7628425e-01
   1.1120000e+03  -4.3384628e-01
   1.1130000e+03  -3.9561604e-01
   1.1140000e+03  -3.6145497e-01
   1.1150000e+03  -3.3111347e-01
   1.1160000e+03  -3.0428647e-01
   1.1170000e+03  -2.8064868e-01
   1.1180000e+03  -2.5987635e-01
   1.1190000e+03  -2.4165997e-01
   1.1200000e+03  -2.2571120e-01
   1.1210000e+03  -2.1176604e-01
   1.1220000e+03  -1.9958571e-01
   1.1230000e+03  -1.8895613e-01
   1.1240000e+03  -1.7968658e-01
   1.1250000e+03  -1.7160800e-01
   1.1260000e+03  -1.6457104e-01
   1.1270000e+03  -1.5844418e-01
   1.1280000e+03  -1.5311182e-01
   1.1290000e+03  -1.4847257e-01
   1.1300000e+03  -1.4443759e-01
   1.1310000e+03  -1.4092917e-01
   1.1320000e+03  -1.3787935e-01
   1.1330000e+03  -1.3522881e-01
   1.1340000e+03  -1.3292576e-01
   1.1350000e+03  -1.3092502e-01
   1.1360000e+03  -1.2918722e-01
   1.1370000e+03  -1.2767806e-01
   1.1380000e+03  -1.2636763e-01
   1.1390000e+03  -1.2522994e-01
   1.1400000e+03  -1.2424234e-01
   1.1410000e+03  -1.2338512e-01
   1.1420000e+03  -1.2264115e-01
   1.1430000e+03  -1.2199554e-01
   1.1440000e+03  -1.2143533e-01
   1.1450000e+03  -1.2094926e-01
   1.1460000e+03  -1.2052756e-01
   1.1470000e+03  -1.2016173e-01
   1.1480000e+03  -1.1984438e-01
   1.1490000e+03  -1.1956911e-01
   1.1500000e+03  -1.1933035e-01
   1.1510000e+03  -1.1912327e-01
   1.1520000e+03  -1.1894368e-01
   1.1530000e+03  -1.1878792e-01
   1.1540000e+03  -1.2795665e-01
   1.1550000e+03  -1.5165402e-01
   1.1560000e+03  -1.8519228e-01
   1.1570000e+03  -2.2520572e-01
   1.1580000e+03  -2.6918052e-01
   1.1590000e+03  -3.1519613e-01
   1.1600000e+03  -3.6177487e-01
   1.1610000e+03  -4.0778773e-01
   1.1620000e+03  -4.5238920e-01
   1.1630000e+03  -4.9496764e-01
   1.1640000e+03  -5.3510445e-01
   1.1650000e+03  -5.7253871e-01
   1.1660000e+03  -6.0713620e-01
   1.1670000e+03  -6.3886220e-01
   1.1680000e+03  -6.6775794e-01
   1.1690000e+03  -6.9392051e-01
   1.1700000e+03  -7.1748615e-01
   1.1710000e+03  -7.3861660e-01
   1.1720000e+03  -7.5748827e-01
   1.1730000e+03  -7.7428377e-01
   1.1740000e+03  -7.8918561e-01
   1.1750000e+03  -8.0237155e-01
   1.1760000e+03  -8.1401137e-01
   1.1770000e+03  -8.2426478e-01
   1.1780000e+03  -8.3328020e-01
   1.1790000e+03  -8.4119414e-01
   1.1800000e+03  -8.4813117e-01
   1.1810000e+03  -8.5420414e-01
   1.1820000e+03  -8.5951470e-01
   1.1830000e+03  -8.6415396e-01
   1.1840000e+03  -8.6820321e-01
   1.1850000e+03  -8.7173474e-01
   1.1860000e+03  -8.7481265e-01
   1.1870000e+03  -8.7749357e-01
   1.1880000e+03  -8.7982745e-01
   1.1890000e+03  -8.8185825e-01
   1.1900000e+03  -8.8362458e-01
   1.1910000e+03  -8.8516032e-01
   1.1920000e+03  -8.8649512e-01
   1.1930000e+03  -8.8765494e-01
   1.1940000e+03  -8.8866246e-01
   1.1950000e+03  -8.8953747e-01
   1.1960000e+03  -8.9029725e-01
   1.1970000e+03  -8.9095685e-01
   1.1980000e+03  -8.9152938e-01
   1.1990000e+03  -8.9202628e-01
   1.2000000e+03  -8.9245747e-01
   1.2010000e+03  -8.9283161e-01
   1.2020000e+03  -8.9315621e-01
   1.2030000e+03  -8.9343780e-01
   1.2040000e+03  -8.5935934e-01
   1.2050000e+03  -7.7570405e-01
   1.2060000e+03  -6.6645709e-01
   1.2070000e+03  -5.4849480e-01
   1.2080000e+03  -4.3237207e-01
   1.2090000e+03  -3.2394250e-01
   1.2100000e+03  -2.2592634e-01
   1.2110000e+03  -1.3912449e-01
   1.2120000e+03  -6.3255475e-02
   1.2130000e+03   2.5101662e-03
   1.2140000e+03   5.9228622e-02
   1.2150000e+03   1.0800100e-01
   1.2160000e+03   1.4987782e-01
   1.2170000e+03   1.8581460e-01
   1.2180000e+03   2.1665649e-01
   1.2190000e+03   2.4313837e-01
   1.2200000e+03   2.6589263e-01
   1.2210000e+03   2.8546011e-01
   1.2220000e+03   3.0230177e-01
   1.2230000e+03   3.1680988e-01
   1.2240000e+03   3.2931813e-01
   1.2250000e+03   3.4011054e-01
   1.2260000e+03   3.4942907e-01
   1.2270000e+03   3.5748013e-01
   1.2280000e+03   3.6444006e-01
   1.2290000e+03   3.7045973e-01
   1.2300000e+03   3.7566843e-01
   1.2310000e+03   3.8017710e-01
   1.2320000e+03   3.8408108e-01
   1.2330000e+03   3.8746238e-01
   1.2340000e+03   3.9039167e-01
   1.2350000e+03   3.9292985e-01
   1.2360000e+03   3.9512949e-01
   1.2370000e+03   3.9703599e-01
   1.2380000e+03   3.9868861e-01
   1.2390000e+03   4.0012126e-01
   1.2400000e+03   4.0136331e-01
   1.2410000e+03   4.0244018e-01
   1.2420000e+03   4.0337387e-01
   1.2430000e+03   4.0418343e-01
   1.2440000e+03   4.0488539e-01
   1.2450000e+03   4.0549406e-01
   1.2460000e+03   4.0602184e-01
   1.2470000e+03   4.0647947e-01
   1.2480000e+03   4.0687629e-01
   1.2490000e+03   4.0722037e-01
   1.2500000e+03   4.0751872e-01
   1.2510000e+03   4.0777741e-01
   1.2520000e+03   4.0800171e-01
   1.2530000e+03   4.0819620e-01
   1.2540000e+03   4.0984813e-01
   1.2550000e+03   4.1371876e-01
   1.2560000e+03   4.1893787e-01
   1.2570000e+03   4.2487658e-01
   1.2580000e+03   4.3109385e-01
   1.2590000e+03   4.3729028e-01
   1.2600000e+03   4.4327070e-01
   1.2610000e+03   4.4891496e-01
   1.2620000e+03   4.5415599e-01
   1.2630000e+03   4.5896347e-01
   1.2640000e+03   4.6333190e-01
   1.2650000e+03   4.6727208e-01
   1.2660000e+03   4.7080498e-01
   1.2670000e+03   4.7395751e-01
   1.2680000e+03   4.7675953e-01
   1.2690000e+03   4.7924184e-01
   1.2700000e+03   4.8143488e-01
   1.2710000e+03   4.8336784e-01
   1.2720000e+03   4.8506820e-01
   1.2730000e+03   4.8656139e-01
   1.2740000e+03   4.8787073e-01
   1.2750000e+03   4.8901738e-01
   1.2760000e+03   4.9002044e-01
   1.2770000e+03   4.9089703e-01
   1.2780000e+03   4.9166244e-01
   1.2790000e+03   4.9233025e-01
   1.2800000e+03   4.9291253e-01
   1.2810000e+03   4.9341992e-01
   1.2820000e+03   4.9386183e-01
   1.2830000e+03   4.9424651e-01
   1.2840000e+03   4.9458124e-01
   1.2850000e+03   4.9487239e-01
   1.2860000e+03   4.9512556e-01
   1.2870000e+03   4.9534562e-01
   1.2880000e+03   4.9553686e-01
   1.2890000e+03   4.9570302e-01
   1.2900000e+03   4.9584734e-01
   1.2910000e+03   4.9597267e-01
   1.2920000e+03   4.9608150e-01
   1.2930000e+03   4.9617598e-01
   1.2940000e+03   4.9625799e-01
   1.2950000e+03   4.9632916e-01
   1.2960000e+03   4.9639093e-01
   1.2970000e+03   4.9644453e-01
   1.2980000e+03   4.9649103e-01
   1.2990000e+03   4.9653137e-01
   1.3000000e+03   4.9656637e-01
   1.3010000e+03   4.9659673e-01
   1.3020000e+03   4.9662306e-01
   1.3030000e+03   4.9664590e-01
   1.3040000e+03   4.8749867e-01
   1.3050000e+03   4.6364052e-01
   1.3060000e+03   4.2892160e-01
   1.3070000e+03   3.8597996e-01
   1.3080000e+03   3.3685350e-01
   1.3090000e+03   2.8325950e-01
   1.3100000e+03   2.2671370e-01
   1.3110000e+03   1.6857135e-01
   1.3120000e+03   1.1003253e-01
   1.3130000e+03   5.2135085e-02
   1.3140000e+03  -4.2529794e-03
   1.3150000e+03  -5.8435686e-02
   1.3160000e+03  -1.0988424e-01
   1.3170000e+03  -1.5822559e-01
   1.3180000e+03  -2.0322592e-01
   1.3190000e+03  -2.4477120e-01
   1.3200000e+03  -2.8284646e-01
   1.3210000e+03  -3.1751539e-01
   1.3220000e+03  -3.4890147e-01
   1.3230000e+03  -3.7717106e-01
   1.3240000e+03  -4.0251905e-01
   1.3250000e+03  -4.2515696e-01
   1.3260000e+03  -4.4530349e-01
   1.3270000e+03  -4.6317717e-01
   1.3280000e+03  -4.7899101e-01
   1.3290000e+03  -4.9294857e-01
   1.3300000e+03  -5.0524153e-01
   1.3310000e+03  -5.1604808e-01
   1.3320000e+03  -5.2553223e-01
   1.3330000e+03  -5.3384368e-01
   1.3340000e+03  -5.4111807e-01
   1.3350000e+03  -5.4747760e-01
   1.3360000e+03  -5.5303180e-01
   1.3370000e+03  -5.5787838e-01
   1.3380000e+03  -5.6210424e-01
   1.3390000e+03  -5.6578636e-01
   1.3400000e+03  -5.6899277e-01
   1.3410000e+03  -5.7178347e-01
   1.3420000e+03  -5.7421122e-01
   1.3430000e+03  -5.7632235e-01
   1.3440000e+03  -5.7815750e-01
   1.3450000e+03  -5.7975222e-01
   1.3460000e+03  -5.8113764e-01
   1.3470000e+03  -5.8234092e-01
   1.3480000e+03  -5.8338578e-01
   1.3490000e+03  -5.8429290e-01
   1.3500000e+03  -5.8508030e-01
   1.3510000e+03  -5.8576369e-01
   1.3520000e+03  -5.8635671e-01
   1.3530000e+03  -5.8687127e-01
   1.3540000e+03  -5.7794547e-01
   1.3550000e+03  -5.5492467e-01
   1.3560000e+03  -5.2355957e-01
   1.3570000e+03  -4.8800502e-01
   1.3580000e+03  -4.5111787e-01
   1.3590000e+03  -4.1476860e-01
   1.3600000e+03  -3.8011262e-01
   1.3610000e+03  -3.4780526e-01
   1.3620000e+03  -3.1816300e-01
   1.3630000e+03  -2.9127982e-01
   1.3640000e+03  -2.6710898e-01
   1.3650000e+03  -2.4551913e-01
   1.3660000e+03  -2.2633214e-01
   1.3670000e+03  -2.0934803e-01
   1.3680000e+03  -1.9436105e-01
   1.3690000e+03  -1.8116964e-01
   1.3700000e+03  -1.6958244e-01
   1.3710000e+03  -1.5942146e-01
   1.3720000e+03  -1.5052359e-01
   1.3730000e+03  -1.4274098e-01
   1.3740000e+03  -1.3594060e-01
   1.3750000e+03  -1.3000356e-01
   1.3760000e+03  -1.2482407e-01
   1.3770000e+03  -1.2030839e-01
   1.3780000e+03  -1.1637364e-01
   1.3790000e+03  -1.1294682e-01
   1.3800000e+03  -1.0996366e-01
   1.3810000e+03  -1.0736776e-01
   1.3820000e+03  -1.0510964e-01
   1.3830000e+03  -1.0314598e-01
   1.3840000e+03  -1.0143887e-01
   1.3850000e+03  -9.9955179e-02
   1.3860000e+03  -9.8665969e-02
   1.3870000e+03  -9.7545987e-02
   1.3880000e+03  -9.6573208e-02
   1.3890000e+03  -9.5728434e-02
   1.3900000e+03  -9.4994940e-02
   1.3910000e+03  -9.4358159e-02
   1.3920000e+03  -9.3805413e-02
   1.3930000e+03  -9.3325670e-02
   1.3940000e+03  -9.2909335e-02
   1.3950000e+03  -9.2548064e-02
   1.3960000e+03  -9.2234601e-02
   1.3970000e+03  -9.1962644e-02
   1.3980000e+03  -9.1726714e-02
   1.3990000e+03  -9.1522053e-02
   1.4000000e+03  -9.1344527e-02
   1.4010000e+03  -9.1190548e-02
   1.4020000e+03  -9.1057000e-02
   1.4030000e+03  -9.0941177e-02
   1.4040000e+03  -9.8432357e-02
   1.4050000e+03  -1.1773171e-01
   1.4060000e+03  -1.4493135e-01
   1.4070000e+03  -1.7721721e-01
   1.4080000e+03  -2.1250114e-01
   1.4090000e+03  -2.4920959e-01
   1.4100000e+03  -2.8615464e-01
   1.4110000e+03  -3.2244919e-01
   1.4120000e+03  -3.5744645e-01
   1.4130000e+03  -3.9069337e-01
   1.4140000e+03  -4.2189284e-01
   1.4150000e+03  -4.5087204e-01
   1.4160000e+03  -4.7755547e-01
   1.4170000e+03  -5.0194219e-01
   1.4180000e+03  -5.2408658e-01
   1.4190000e+03  -5.4408257e-01
   1.4200000e+03  -5.6205075e-01
   1.4210000e+03  -5.7812806e-01
   1.4220000e+03  -5.9245989e-01
   1.4230000e+03  -6.0519395e-01
   1.4240000e+03  -6.1647585e-01
   1.4250000e+03  -6.2644593e-01
   1.4260000e+03  -6.3523711e-01
   1.4270000e+03  -6.4297358e-01
   1.4280000e+03  -6.4977010e-01
   1.4290000e+03  -6.5573176e-01
   1.4300000e+03  -6.6095408e-01
   1.4310000e+03  -6.6552330e-01
   1.4320000e+03  -6.6951689e-01
   1.4330000e+03  -6.7300414e-01
   1.4340000e+03  -6.7604674e-01
   1.4350000e+03  -6.7869945e-01
   1.4360000e+03  -6.8101075e-01
   1.4370000e+03  -6.8302344e-01
   1.4380000e+03  -6.8477521e-01
   1.4390000e+03  -6.8629921e-01
   1.4400000e+03  -6.8762452e-01
   1.4410000e+03  -6.8877665e-01
   1.4420000e+03  -6.8977791e-01
   1.4430000e+03  -6.9064782e-01
   1.4440000e+03  -6.9140342e-01
   1.4450000e+03  -6.9205960e-01
   1.4460000e+03  -6.9262932e-01
   1.4470000e+03  -6.9312389e-01
   1.4480000e+03  -6.9355316e-01
   1.4490000e+03  -6.9392570e-01
   1.4500000e+03  -6.9424897e-01
   1.4510000e+03  -6.9452945e-01
   1.4520000e+03  -6.9477279e-01
   1.4530000e+03  -6.9498388e-01
   1.4540000e+03  -6.6711832e-01
   1.4550000e+03  -5.9854898e-01
   1.4560000e+03  -5.0857985e-01
   1.4570000e+03  -4.1085212e-01
   1.4580000e+03  -3.1400950e-01
   1.4590000e+03  -2.2295998e-01
   1.4600000e+03  -1.4009110e-01
   1.4610000e+03  -6.6217745e-02
   1.4620000e+03  -1.2441189e-03
   1.4630000e+03   5.5406322e-02
   1.4640000e+03   1.0452680e-01
   1.4650000e+03   1.4697350e-01
   1.4660000e+03   1.8358149e-01
   1.4670000e+03   2.1512299e-01
   1.4680000e+03   2.4229015e-01
   1.4690000e+03   2.6569169e-01
   1.4700000e+03   2.8585661e-01
   1.4710000e+03   3.0324125e-01
   1.4720000e+03   3.1823762e-01
   1.4730000e+03   3.3118158e-01
   1.4740000e+03   3.4236066e-01
   1.4750000e+03   3.5202093e-01
   1.4760000e+03   3.6037309e-01
   1.4770000e+03   3.6759768e-01
   1.4780000e+03   3.7384955e-01
   1.4790000e+03   3.7926167e-01
   1.4800000e+03   3.8394833e-01
   1.4810000e+03   3.8800789e-01
   1.4820000e+03   3.9152508e-01
   1.4830000e+03   3.9457297e-01
   1.4840000e+03   3.9721460e-01
   1.4850000e+03   3.9950443e-01
   1.4860000e+03   4.0148953e-01
   1.4870000e+03   4.0321060e-01
   1.4880000e+03   4.0470286e-01
   1.4890000e+03   4.0599679e-01
   1.4900000e+03   4.0711880e-01
   1.4910000e+03   4.0809175e-01
   1.4920000e+03   4.0893546e-01
   1.4930000e+03   4.0966711e-01
   1.4940000e+03   4.1030157e-01
   1.4950000e+03   4.1085177e-01
   1.4960000e+03   4.1132889e-01
   1.4970000e+03   4.1174263e-01
   1.4980000e+03   4.1210140e-01
   1.4990000e+03   4.1241252e-01
   1.5000000e+03   4.1268229e-01
   1.5010000e+03   4.1291622e-01
   1.5020000e+03   4.1311906e-01
   1.5030000e+03   4.1329494e-01
   1.5040000e+03   4.0679299e-01
   1.5050000e+03   3.8980457e-01
   1.5060000e+03   3.6551999e-01
   1.5070000e+03   3.3620848e-01
   1.5080000e+03   3.0358686e-01
   1.5090000e+03   2.6900675e-01
   1.5100000e+03   2.3355217e-01
   1.5110000e+03   1.9809302e-01
   1.5120000e+03   1.6331762e-01
   1.5130000e+03   1.2975608e-01
   1.5140000e+03   9.7800073e-02
   1.5150000e+03   6.7721491e-02
   1.5160000e+03   3.9690497e-02
   1.5170000e+03   1.3793026e-02
   1.5180000e+03  -9.9527739e-03
   1.5190000e+03  -3.1581509e-02
   1.5200000e+03  -5.1167238e-02
   1.5210000e+03  -6.8812040e-02
   1.5220000e+03  -8.4636477e-02
   1.5230000e+03  -9.8771860e-02
   1.5240000e+03  -1.1135416e-01
   1.5250000e+03  -1.2251934e-01
   1.5260000e+03  -1.3239997e-01
   1.5270000e+03  -1.4112278e-01
   1.5280000e+03  -1.4880708e-01
   1.5290000e+03  -1.5556383e-01
   1.5300000e+03  -1.6149517e-01
   1.5310000e+03  -1.6669435e-01
   1.5320000e+03  -1.7124587e-01
   1.5330000e+03  -1.7522589e-01
   1.5340000e+03  -1.7870268e-01
   1.5350000e+03  -1.8173718e-01
   1.5360000e+03  -1.8438359e-01
   1.5370000e+03  -1.8668995e-01
   1.5380000e+03  -1.8869872e-01
   1.5390000e+03  -1.9044737e-01
   1.5400000e+03  -1.9196885e-01
   1.5410000e+03  -1.9329213e-01
   1.5420000e+03  -1.9444258e-01
   1.5430000e+03  -1.9544246e-01
   1.5440000e+03  -1.9631122e-01
   1.5450000e+03  -1.9706586e-01
   1.5460000e+03  -1.9772122e-01
   1.5470000e+03  -1.9829024e-01
   1.5480000e+03  -1.9878422e-01
   1.5490000e+03  -1.9921298e-01
   1.5500000e+03  -1.9958508e-01
   1.5510000e+03  -1.9990797e-01
   1.5520000e+03  -2.0018812e-01
   1.5530000e+03  -2.0043117e-01
   1.5540000e+03  -1.8450628e-01
   1.5550000e+03  -1.4492876e-01
   1.5560000e+03  -9.2460397e-02
   1.5570000e+03  -3.4767506e-02
   1.5580000e+03   2.3167862e-02
   1.5590000e+03   7.8387642e-02
   1.5600000e+03   1.2933154e-01
   1.5610000e+03   1.7534270e-01
   1.5620000e+03   2.1631403e-01
   1.5630000e+03   2.5245074e-01
   1.5640000e+03   2.8411846e-01
   1.5650000e+03   3.1175002e-01
   1.5660000e+03   3.3579088e-01
   1.5670000e+03   3.5666893e-01
   1.5680000e+03   3.7477937e-01
   1.5690000e+03   3.9047845e-01
   1.5700000e+03   4.0408246e-01
   1.5710000e+03   4.1586935e-01
   1.5720000e+03   4.2608184e-01
   1.5730000e+03   4.3493093e-01
   1.5740000e+03   4.4259963e-01
   1.5750000e+03   4.4924638e-01
   1.5760000e+03   4.5500824e-01
   1.5770000e+03   4.6000374e-01
   1.5780000e+03   4.6433538e-01
   1.5790000e+03   4.6809183e-01
   1.5800000e+03   4.7134976e-01
   1.5810000e+03   4.7417557e-01
   1.5820000e+03   4.7662673e-01
   1.5830000e+03   4.7875299e-01
   1.5840000e+03   4.8059748e-01
   1.5850000e+03   4.8219757e-01
   1.5860000e+03   4.8358566e-01
   1.5870000e+03   4.8478983e-01
   1.5880000e+03   4.8583444e-01
   1.5890000e+03   4.8674063e-01
   1.5900000e+03   4.8752671e-01
   1.5910000e+03   4.8820859e-01
   1.5920000e+03   4.8880007e-01
   1.5930000e+03   4.8931311e-01
   1.5940000e+03   4.8975811e-01
   1.5950000e+03   4.9014408e-01
   1.5960000e+03   4.9047883e-01
   1.5970000e+03   4.9076916e-01
   1.5980000e+03   4.9102096e-01
   1.5990000e+03   4.9123932e-01
   1.6000000e+03   4.9142869e-01
   1.6010000e+03   4.9159291e-01
   1.6020000e+03   4.9173532e-01
   1.6030000e+03   4.9185880e-01
   1.6040000e+03   4.9016862e-01
   1.6050000e+03   4.8569999e-01
   1.6060000e+03   4.7942899e-01
   1.6070000e+03   4.7206166e-01
   1.6080000e+03   4.6411244e-01
   1.6090000e+03   4.5595544e-01
   1.6100000e+03   4.4785957e-01
   1.6110000e+03   4.4001376e-01
   1.6120000e+03   4.3254584e-01
   1.6130000e+03   4.2553704e-01
   1.6140000e+03   4.1903325e-01
   1.6150000e+03   4.1305400e-01
   1.6160000e+03   4.0759949e-01
   1.6170000e+03   4.0265620e-01
   1.6180000e+03   3.9820113e-01
   1.6190000e+03   3.9420527e-01
   1.6200000e+03   3.9063608e-01
   1.6210000e+03   3.8745938e-01
   1.6220000e+03   3.8464084e-01
   1.6230000e+03   3.8214687e-01
   1.6240000e+03   3.7994534e-01
   1.6250000e+03   3.7800602e-01
   1.6260000e+03   3.7630082e-01
   1.6270000e+03   3.7480388e-01
   1.6280000e+03   3.7349164e-01
   1.6290000e+03   3.7234276e-01
   1.6300000e+03   3.7133801e-01
   1.6310000e+03   3.7046018e-01
   1.6320000e+03   3.6969389e-01
   1.6330000e+03   3.6902549e-01
   1.6340000e+03   3.6844287e-01
   1.6350000e+03   3.6793533e-01
   1.6360000e+03   3.6749343e-01
   1.6370000e+03   3.6710886e-01
   1.6380000e+03   3.6677432e-01
   1.6390000e+03   3.6648343e-01
   1.6400000e+03   3.6623055e-01
   1.6410000e+03   3.6601081e-01
   1.6420000e+03   3.6581989e-01
   1.6430000e+03   3.6565407e-01
   1.6440000e+03   3.6551007e-01
   1.6450000e+03   3.6538504e-01
   1.6460000e+03   3.6527650e-01
   1.6470000e+03   3.6518230e-01
   1.6480000e+03   3.6510054e-01
   1.6490000e+03   3.6502960e-01
   1.6500000e+03   3.6496805e-01
   1.6510000e+03   3.6491465e-01
   1.6520000e+03   3.6486832e-01
   1.6530000e+03   3.6482813e-01
   1.6540000e+03   3.5449860e-01
   1.6550000e+03   3.2774649e-01
   1.6560000e+03   2.8907103e-01
   1.6570000e+03   2.4159973e-01
   1.6580000e+03   1.8773915e-01
   1.6590000e+03   1.2947831e-01
   1.6600000e+03   6.8524159e-02
   1.6610000e+03   6.3558399e-03
   1.6620000e+03  -5.5757542e-02
   1.6630000e+03  -1.1675225e-01
   1.6640000e+03  -1.7576635e-01
   1.6650000e+03  -2.3213194e-01
   1.6660000e+03  -2.8536194e-01
   1.6670000e+03  -3.3513185e-01
   1.6680000e+03  -3.8125834e-01
   1.6690000e+03  -4.2367620e-01
   1.6700000e+03  -4.6241546e-01
   1.6710000e+03  -4.9757985e-01
   1.6720000e+03  -5.2932736e-01
   1.6730000e+03  -5.5785346e-01
   1.6740000e+03  -5.8337710e-01
   1.6750000e+03  -6.0612930e-01
   1.6760000e+03  -6.2634436e-01
   1.6770000e+03  -6.4425309e-01
   1.6780000e+03  -6.6007800e-01
   1.6790000e+03  -6.7403000e-01
   1.6800000e+03  -6.8630625e-01
   1.6810000e+03  -6.9708907e-01
   1.6820000e+03  -7.0654548e-01
   1.6830000e+03  -7.1482733e-01
   1.6840000e+03  -7.2207180e-01
   1.6850000e+03  -7.2840212e-01
   1.6860000e+03  -7.3392847e-01
   1.6870000e+03  -7.3874899e-01
   1.6880000e+03  -7.4295078e-01
   1.6890000e+03  -7.4661092e-01
   1.6900000e+03  -7.4979743e-01
   1.6910000e+03  -7.5257023e-01
   1.6920000e+03  -7.5498196e-01
   1.6930000e+03  -7.5707884e-01
   1.6940000e+03  -7.5890134e-01
   1.6950000e+03  -7.6048489e-01
   1.6960000e+03  -7.6186046e-01
   1.6970000e+03  -7.6305508e-01
   1.6980000e+03  -7.6409234e-01
   1.6990000e+03  -7.6499280e-01
   1.7000000e+03  -7.6577438e-01
   1.7010000e+03  -7.6645267e-01
   1.7020000e+03  -7.6704125e-01
   1.7030000e+03  -7.6755193e-01
   1.7040000e+03  -7.3416163e-01
   1.7050000e+03  -6.5201157e-01
   1.7060000e+03  -5.4496893e-01
   1.7070000e+03  -4.2978495e-01
   1.7080000e+03  -3.1685168e-01
   1.7090000e+03  -2.1184674e-01
   1.7100000e+03  -1.1732970e-01
   1.7110000e+03  -3.3972375e-02
   1.7120000e+03   3.8599897e-02
   1.7130000e+03   1.0127683e-01
   1.7140000e+03   1.5514817e-01
   1.7150000e+03   2.0132863e-01
   1.7160000e+03   2.4086838e-01
   1.7170000e+03   2.7471349e-01
   1.7180000e+03   3.0369414e-01
   1.7190000e+03   3.2852733e-01
   1.7200000e+03   3.4982640e-01
   1.7210000e+03   3.6811313e-01
   1.7220000e+03   3.8383015e-01
   1.7230000e+03   3.9735251e-01
   1.7240000e+03   4.0899806e-01
   1.7250000e+03   4.1903639e-01
   1.7260000e+03   4.2769647e-01
   1.7270000e+03   4.3517307e-01
   1.7280000e+03   4.4163218e-01
   1.7290000e+03   4.4721552e-01
   1.7300000e+03   4.5204427e-01
   1.7310000e+03   4.5622224e-01
   1.7320000e+03   4.5983850e-01
   1.7330000e+03   4.6296958e-01
   1.7340000e+03   4.6568131e-01
   1.7350000e+03   4.6803039e-01
   1.7360000e+03   4.7006571e-01
   1.7370000e+03   4.7182946e-01
   1.7380000e+03   4.7335808e-01
   1.7390000e+03   4.7468306e-01
   1.7400000e+03   4.7583161e-01
   1.7410000e+03   4.7682731e-01
   1.7420000e+03   4.7769054e-01
   1.7430000e+03   4.7843895e-01
   1.7440000e+03   4.7908784e-01
   1.7450000e+03   4.7965046e-01
   1.7460000e+03   4.8013828e-01
   1.7470000e+03   4.8056125e-01
   1.7480000e+03   4.8092799e-01
   1.7490000e+03   4.8124598e-01
   1.7500000e+03   4.8152170e-01
   1.7510000e+03   4.8176076e-01
   1.7520000e+03   4.8196804e-01
   1.7530000e+03   4.8214777e-01
   1.7540000e+03   4.7731566e-01
   1.7550000e+03   4.6465667e-01
   1.7560000e+03   4.4663387e-01
   1.7570000e+03   4.2500878e-01
   1.7580000e+03   4.0110440e-01
   1.7590000e+03   3.7594464e-01
   1.7600000e+03   3.5033154e-01
   1.7610000e+03   3.2489120e-01
   1.7620000e+03   3.0010412e-01
   1.7630000e+03   2.7632797e-01
   1.7640000e+03   2.5381650e-01
   1.7650000e+03   2.3273644e-01
   1.7660000e+03   2.1318295e-01
   1.7670000e+03   1.9519362e-01
   1.7680000e+03   1.7876106e-01
   1.7690000e+03   1.6384388e-01
   1.7700000e+03   1.5037616e-01
   1.7710000e+03   1.3827525e-01
   1.7720000e+03   1.2744821e-01
   1.7730000e+03   1.1779683e-01
   1.7740000e+03   1.0922151e-01
   1.7750000e+03   1.0162419e-01
   1.7760000e+03   9.4910381e-02
   1.7770000e+03   8.8990599e-02
   1.7780000e+03   8.3781221e-02
   1.7790000e+03   7.9204965e-02
   1.7800000e+03   7.5191049e-02
   1.7810000e+03   7.1675139e-02
   1.7820000e+03   6.8599128e-02
   1.7830000e+03   6.5910816e-02
   1.7840000e+03   6.3563528e-02
   1.7850000e+03   6.1515691e-02
   1.7860000e+03   5.9730401e-02
   1.7870000e+03   5.8175000e-02
   1.7880000e+03   5.6820655e-02
   1.7890000e+03   5.5641970e-02
   1.7900000e+03   5.4616618e-02
   1.7910000e+03   5.3725003e-02
   1.7920000e+03   5.2949951e-02
   1.7930000e+03   5.2276432e-02
   1.7940000e+03   5.1691304e-02
   1.7950000e+03   5.1183091e-02
   1.7960000e+03   5.0741776e-02
   1.7970000e+03   5.0358627e-02
   1.7980000e+03   5.0026032e-02
   1.7990000e+03   4.9737365e-02
   1.8000000e+03   4.9486858e-02
   1.8010000e+03   4.9269491e-02
   1.8020000e+03   4.9080899e-02
   1.8030000e+03   4.8917290e-02
   1.8040000e+03   3.8699284e-02
   1.8050000e+03   1.2673599e-02
   1.8060000e+03  -2.4282679e-02
   1.8070000e+03  -6.8687912e-02
   1.8080000e+03  -1.1791336e-01
   1.8090000e+03  -1.6990292e-01
   1.8100000e+03  -2.2302322e-01
   1.8110000e+03  -2.7597840e-01
   1.8120000e+03  -3.2775607e-01
   1.8130000e+03  -3.7758765e-01
   1.8140000e+03  -4.2491477e-01
   1.8150000e+03  -4.6935855e-01
   1.8160000e+03  -5.1069044e-01
   1.8170000e+03  -5.4880484e-01
   1.8180000e+03  -5.8369391e-01
   1.8190000e+03  -6.1542490e-01
   1.8200000e+03  -6.4412047e-01
   1.8210000e+03  -6.6994190e-01
   1.8220000e+03  -6.9307530e-01
   1.8230000e+03  -7.1372054e-01
   1.8240000e+03  -7.3208260e-01
   1.8250000e+03  -7.4836501e-01
   1.8260000e+03  -7.6276514e-01
   1.8270000e+03  -7.7547090e-01
   1.8280000e+03  -7.8665860e-01
   1.8290000e+03  -7.9649176e-01
   1.8300000e+03  -8.0512053e-01
   1.8310000e+03  -8.1268174e-01
   1.8320000e+03  -8.1929922e-01
   1.8330000e+03  -8.2508437e-01
   1.8340000e+03  -8.3013699e-01
   1.8350000e+03  -8.3454604e-01
   1.8360000e+03  -8.3839058e-01
   1.8370000e+03  -8.4174064e-01
   1.8380000e+03  -8.4465810e-01
   1.8390000e+03  -8.4719749e-01
   1.8400000e+03  -8.4940679e-01
   1.8410000e+03  -8.5132812e-01
   1.8420000e+03  -8.5299841e-01
   1.8430000e+03  -8.5444999e-01
   1.8440000e+03  -8.5571115e-01
   1.8450000e+03  -8.5680660e-01
   1.8460000e+03  -8.5775789e-01
   1.8470000e+03  -8.5858384e-01
   1.8480000e+03  -8.5930083e-01
   1.8490000e+03  -8.5992314e-01
   1.8500000e+03  -8.6046321e-01
   1.8510000e+03  -8.6093184e-01
   1.8520000e+03  -8.6133843e-01
   1.8530000e+03  -8.6169118e-01
   1.8540000e+03  -8.2431911e-01
   1.8550000e+03  -7.3286121e-01
   1.8560000e+03  -6.1417240e-01
   1.8570000e+03  -4.8703256e-01
   1.8580000e+03  -3.6297868e-01
   1.8590000e+03  -2.4820244e-01
   1.8600000e+03  -1.4539262e-01
   1.8610000e+03  -5.5146148e-02
   1.8620000e+03   2.3076468e-02
   1.8630000e+03   9.0355109e-02
   1.8640000e+03   1.4796238e-01
   1.8650000e+03   1.9717454e-01
   1.8660000e+03   2.3917795e-01
   1.8670000e+03   2.7503040e-01
   1.8680000e+03   3.0565225e-01
   1.8690000e+03   3.3183256e-01
   1.8700000e+03   3.5424199e-01
   1.8710000e+03   3.7344785e-01
   1.8720000e+03   3.8992890e-01
   1.8730000e+03   4.0408895e-01
   1.8740000e+03   4.1626882e-01
   1.8750000e+03   4.2675647e-01
   1.8760000e+03   4.3579567e-01
   1.8770000e+03   4.4359315e-01
   1.8780000e+03   4.5032463e-01
   1.8790000e+03   4.5613973e-01
   1.8800000e+03   4.6116615e-01
   1.8810000e+03   4.6551307e-01
   1.8820000e+03   4.6927398e-01
   1.8830000e+03   4.7252911e-01
   1.8840000e+03   4.7534739e-01
   1.8850000e+03   4.7778809e-01
   1.8860000e+03   4.7990228e-01
   1.8870000e+03   4.8173400e-01
   1.8880000e+03   4.8332123e-01
   1.8890000e+03   4.8469679e-01
   1.8900000e+03   4.8588904e-01
   1.8910000e+03   4.8692249e-01
   1.8920000e+03   4.8781835e-01
   1.8930000e+03   4.8859499e-01
   1.8940000e+03   4.8926829e-01
   1.8950000e+03   4.8985204e-01
   1.8960000e+03   4.9035815e-01
   1.8970000e+03   4.9079696e-01
   1.8980000e+03   4.9117742e-01
   1.8990000e+03   4.9150729e-01
   1.9000000e+03   4.9179330e-01
   1.9010000e+03   4.9204128e-01
   1.9020000e+03   4.9225628e-01
   1.9030000e+03   4.9244270e-01
   1.9040000e+03   4.9254001e-01
   1.9050000e+03   4.9251788e-01
   1.9060000e+03   4.9241576e-01
   1.9070000e+03   4.9226262e-01
   1.9080000e+03   4.9207948e-01
   1.9090000e+03   4.9188146e-01
   1.9100000e+03   4.9167918e-01
   1.9110000e+03   4.9147995e-01
   1.9120000e+03   4.9128864e-01
   1.9130000e+03   4.9110829e-01
   1.9140000e+03   4.9094063e-01
   1.9150000e+03   4.9078649e-01
   1.9160000e+03   4.9064599e-01
   1.9170000e+03   4.9051884e-01
   1.9180000e+03   4.9040444e-01
   1.9190000e+03   4.9030203e-01
   1.9200000e+03   4.9021071e-01
   1.9210000e+03   4.9012958e-01
   1.9220000e+03   4.9005771e-01
   1.9230000e+03   4.8999422e-01
   1.9240000e+03   4.8993824e-01
   1.9250000e+03   4.8988899e-01
   1.9260000e+03   4.8984572e-01
   1.9270000e+03   4.8980778e-01
   1.9280000e+03   4.8977455e-01
   1.9290000e+03   4.8974547e-01
   1.9300000e+03   4.8972005e-01
   1.9310000e+03   4.8969786e-01
   1.9320000e+03   4.8967850e-01
   1.9330000e+03   4.8966161e-01
   1.9340000e+03   4.8964689e-01
   1.9350000e+03   4.8963408e-01
   1.9360000e+03   4.8962292e-01
   1.9370000e+03   4.8961322e-01
   1.9380000e+03   4.8960477e-01
   1.9390000e+03   4.8959743e-01
   1.9400000e+03   4.8959105e-01
   1.9410000e+03   4.8958551e-01
   1.9420000e+03   4.8958069e-01
   1.9430000e+03   4.8957651e-01
   1.9440000e+03   4.8957287e-01
   1.9450000e+03   4.8956972e-01
   1.9460000e+03   4.8956698e-01
   1.9470000e+03   4.8956460e-01
   1.9480000e+03   4.8956254e-01
   1.9490000e+03   4.8956075e-01
   1.9500000e+03   4.8955920e-01
   1.9510000e+03   4.8955785e-01
   1.9520000e+03   4.8955668e-01
   1.9530000e+03   4.8955567e-01
   1.9540000e+03   4.7861448e-01
   1.9550000e+03   4.4995883e-01
   1.9560000e+03   4.0787108e-01
   1.9570000e+03   3.5519954e-01
   1.9580000e+03   2.9415045e-01
   1.9590000e+03   2.2664328e-01
   1.9600000e+03   1.5445504e-01
   1.9610000e+03   7.9259290e-02
   1.9620000e+03   2.6150399e-03
   1.9630000e+03  -7.4062941e-02
   1.9640000e+03  -1.4953479e-01
   1.9650000e+03  -2.2275777e-01
   1.9660000e+03  -2.9289638e-01
   1.9670000e+03  -3.5932016e-01
   1.9680000e+03  -4.2159131e-01
   1.9690000e+03  -4.7944479e-01
   1.9700000e+03  -5.3276404e-01
   1.9710000e+03  -5.8155493e-01
   1.9720000e+03  -6.2592012e-01
   1.9730000e+03  -6.6603512e-01
   1.9740000e+03  -7.0212717e-01
   1.9750000e+03  -7.3445715e-01
   1.9760000e+03  -7.6330482e-01
   1.9770000e+03  -7.8895704e-01
   1.9780000e+03  -8.1169876e-01
   1.9790000e+03  -8.3180640e-01
   1.9800000e+03  -8.4954324e-01
   1.9810000e+03  -8.6515637e-01
   1.9820000e+03  -8.7887499e-01
   1.9830000e+03  -8.9090960e-01
   1.9840000e+03  -9.0145196e-01
   1.9850000e+03  -9.1067562e-01
   1.9860000e+03  -9.1873666e-01
   1.9870000e+03  -9.2577484e-01
   1.9880000e+03  -9.3191473e-01
   1.9890000e+03  -9.3726698e-01
   1.9900000e+03  -9.4192955e-01
   1.9910000e+03  -9.4598897e-01
   1.9920000e+03  -9.4952145e-01
   1.9930000e+03  -9.5259402e-01
   1.9940000e+03  -9.5526550e-01
   1.9950000e+03  -9.5758744e-01
   1.9960000e+03  -9.5960496e-01
   1.9970000e+03  -9.6135748e-01
   1.9980000e+03  -9.6287947e-01
   1.9990000e+03  -9.6420095e-01
   2.0000000e+03  -9.6534815e-01
