   1.0000000e+00   0.0000000e+00
   2.0000000e+00   0.0000000e+00
   3.0000000e+00   0.0000000e+00
   4.0000000e+00   9.9446980e-03
   5.0000000e+00   3.4596997e-02
   6.0000000e+00   6.7567204e-02
   7.0000000e+00   1.0427315e-01
   8.0000000e+00   1.4165847e-01
   9.0000000e+00   1.7782342e-01
   1.0000000e+01   2.1168579e-01
   1.1000000e+01   2.4271165e-01
   1.2000000e+01   2.7071807e-01
   1.3000000e+01   2.9573606e-01
   1.4000000e+01   3.1791904e-01
   1.5000000e+01   3.3748355e-01
   1.6000000e+01   3.5467213e-01
   1.7000000e+01   3.6973089e-01
   1.8000000e+01   3.8289655e-01
   1.9000000e+01   3.9438963e-01
   2.0000000e+01   4.0441129e-01
   2.1000000e+01   4.1314252e-01
   2.2000000e+01   4.2074459e-01
   2.3000000e+01   4.2736025e-01
   2.4000000e+01   4.3311525e-01
   2.5000000e+01   4.3812000e-01
   2.6000000e+01   4.4247119e-01
   2.7000000e+01   4.4625334e-01
   2.8000000e+01   4.4954024e-01
   2.9000000e+01   4.5239628e-01
   3.0000000e+01   4.5487755e-01
   3.1000000e+01   4.5703292e-01
   3.2000000e+01   4.5890497e-01
   3.3000000e+01   4.6053074e-01
   3.4000000e+01   4.6194246e-01
   3.5000000e+01   4.6316818e-01
   3.6000000e+01   4.6423229e-01
   3.7000000e+01   4.6515602e-01
   3.8000000e+01   4.6595780e-01
   3.9000000e+01   4.6665367e-01
   4.0000000e+01   4.6725757e-01
   4.1000000e+01   4.6778162e-01
   4.2000000e+01   4.6823634e-01
   4.3000000e+01   4.6863087e-01
   4.4000000e+01   4.6897316e-01
   4.5000000e+01   4.6927010e-01
   4.6000000e+01   4.6952769e-01
   4.7000000e+01   4.6975113e-01
   4.8000000e+01   4.6994494e-01
   4.9000000e+01   4.7011304e-01
   5.0000000e+01   4.7025884e-01
   5.1000000e+01   4.7038528e-01
   5.2000000e+01   4.7049493e-01
   5.3000000e+01   4.7059003e-01
   5.4000000e+01   4.7102421e-01
   5.5000000e+01   4.7198186e-01
   5.6000000e+01   4.7326239e-01
   5.7000000e+01   4.7472076e-01
   5.8000000e+01   4.7625414e-01
   5.9000000e+01   4.7779129e-01
   6.0000000e+01   4.7928441e-01
   6.1000000e+01   4.8070287e-01
   6.2000000e+01   4.8202847e-01
   6.3000000e+01   4.8325186e-01
   6.4000000e+01   4.8436988e-01
   6.5000000e+01   4.8538362e-01
   6.6000000e+01   4.8629695e-01
   6.7000000e+01   4.8711549e-01
   6.8000000e+01   4.8784587e-01
   6.9000000e+01   4.8849519e-01
   7.0000000e+01   4.8907063e-01
   7.1000000e+01   4.8957924e-01
   7.2000000e+01   4.9002774e-01
   7.3000000e+01   4.9042245e-01
   7.4000000e+01   4.9076922e-01
   7.5000000e+01   4.9107341e-01
   7.6000000e+01   4.9133990e-01
   7.7000000e+01   4.9157309e-01
   7.8000000e+01   4.9177693e-01
   7.9000000e+01   4.9195495e-01
   8.0000000e+01   4.9211031e-01
   8.1000000e+01   4.9224579e-01
   8.2000000e+01   4.9236386e-01
   8.3000000e+01   4.9246670e-01
   8.4000000e+01   4.9255622e-01
   8.5000000e+01   4.9263413e-01
   8.6000000e+01   4.9270190e-01
   8.7000000e+01   4.9276082e-01
   8.8000000e+01   4.9281205e-01
   8.9000000e+01   4.9285656e-01
   9.0000000e+01   4.9289523e-01
   9.1000000e+01   4.9292882e-01
   9.2000000e+01   4.9295800e-01
   9.3000000e+01   4.9298333e-01
   9.4000000e+01   4.9300531e-01
   9.5000000e+01   4.9302440e-01
   9.6000000e+01   4.9304096e-01
   9.7000000e+01   4.9305534e-01
   9.8000000e+01   4.9306781e-01
   9.9000000e+01   4.9307863e-01
   1.0000000e+02   4.9308802e-01
   1.0100000e+02   4.9309617e-01
   1.0200000e+02   4.9310323e-01
   1.0300000e+02   4.9310936e-01
   1.0400000e+02   4.9134040e-01
   1.0500000e+02   4.8684111e-01
   1.0600000e+02   4.8057301e-01
   1.0700000e+02   4.7323185e-01
   1.0800000e+02   4.6532459e-01
   1.0900000e+02   4.5721975e-01
   1.1000000e+02   4.4918206e-01
   1.1100000e+02   4.4139732e-01
   1.1200000e+02   4.3399106e-01
   1.1300000e+02   4.2704278e-01
   1.1400000e+02   4.2059721e-01
   1.1500000e+02   4.1467307e-01
   1.1600000e+02   4.0927007e-01
   1.1700000e+02   4.0437441e-01
   1.1800000e+02   3.9996302e-01
   1.1900000e+02   3.9600691e-01
   1.2000000e+02   3.9247366e-01
   1.2100000e+02   3.8932931e-01
   1.2200000e+02   3.8653974e-01
   1.2300000e+02   3.8407161e-01
   1.2400000e+02   3.8189305e-01
   1.2500000e+02   3.7997409e-01
   1.2600000e+02   3.7828689e-01
   1.2700000e+02   3.7680583e-01
   1.2800000e+02   3.7550756e-01
   1.2900000e+02   3.7437096e-01
   1.3000000e+02   3.7337699e-01
   1.3100000e+02   3.7250859e-01
   1.3200000e+02   3.7175057e-01
   1.3300000e+02   3.7108939e-01
   1.3400000e+02   3.7051308e-01
   1.3500000e+02   3.7001103e-01
   1.3600000e+02   3.6957393e-01
   1.3700000e+02   3.6919354e-01
   1.3800000e+02   3.6886265e-01
   1.3900000e+02   3.6857492e-01
   1.4000000e+02   3.6832481e-01
   1.4100000e+02   3.6810746e-01
   1.4200000e+02   3.6791863e-01
   1.4300000e+02   3.6775462e-01
   1.4400000e+02   3.6761219e-01
   1.4500000e+02   3.6748853e-01
   1.4600000e+02   3.6738118e-01
   1.4700000e+02   3.6728801e-01
   1.4800000e+02   3.6720715e-01
   1.4900000e+02   3.6713699e-01
   1.5000000e+02   3.6707611e-01
   1.5100000e+02   3.6702329e-01
   1.5200000e+02   3.6697747e-01
   1.5300000e+02   3.6693773e-01
   1.5400000e+02   3.6849289e-01
   1.5500000e+02   3.7245605e-01
   1.5600000e+02   3.7789189e-01
   1.5700000e+02   3.8412316e-01
   1.5800000e+02   3.9067387e-01
   1.5900000e+02   3.9722007e-01
   1.6000000e+02   4.0354978e-01
   1.6100000e+02   4.0953184e-01
   1.6200000e+02   4.1509231e-01
   1.6300000e+02   4.2019697e-01
   1.6400000e+02   4.2483847e-01
   1.6500000e+02   4.2902719e-01
   1.6600000e+02   4.3278459e-01
   1.6700000e+02   4.3613869e-01
   1.6800000e+02   4.3912079e-01
   1.6900000e+02   4.4176334e-01
   1.7000000e+02   4.4409847e-01
   1.7100000e+02   4.4615708e-01
   1.7200000e+02   4.4796827e-01
   1.7300000e+02   4.4955901e-01
   1.7400000e+02   4.5095407e-01
   1.7500000e+02   4.5217593e-01
   1.7600000e+02   4.5324488e-01
   1.7700000e+02   4.5417913e-01
   1.7800000e+02   4.5499495e-01
   1.7900000e+02   4.5570679e-01
   1.8000000e+02   4.5632750e-01
   1.8100000e+02   4.5686840e-01
   1.8200000e+02   4.5733951e-01
   1.8300000e+02   4.5774964e-01
   1.8400000e+02   4.5810652e-01
   1.8500000e+02   4.5841695e-01
   1.8600000e+02   4.5868689e-01
   1.8700000e+02   4.5892153e-01
   1.8800000e+02   4.5912545e-01
   1.8900000e+02   4.5930262e-01
   1.9000000e+02   4.5945652e-01
   1.9100000e+02   4.5959017e-01
   1.9200000e+02   4.5970622e-01
   1.9300000e+02   4.5980697e-01
   1.9400000e+02   4.5989442e-01
   1.9500000e+02   4.5997032e-01
   1.9600000e+02   4.6003619e-01
   1.9700000e+02   4.6009335e-01
   1.9800000e+02   4.6014294e-01
   1.9900000e+02   4.6018596e-01
   2.0000000e+02   4.6022329e-01
   2.0100000e+02   4.6025566e-01
   2.0200000e+02   4.6028374e-01
   2.0300000e+02   4.6030810e-01
   2.0400000e+02   4.5098367e-01
   2.0500000e+02   4.2669961e-01
   2.0600000e+02   3.9145383e-01
   2.0700000e+02   3.4800404e-01
   2.0800000e+02   2.9847706e-01
   2.0900000e+02   2.4464942e-01
   2.1000000e+02   1.8806934e-01
   2.1100000e+02   1.3010170e-01
   2.1200000e+02   7.1938220e-02
   2.1300000e+02   1.4595333e-02
   2.1400000e+02  -4.1088549e-02
   2.1500000e+02  -9.4451028e-02
   2.1600000e+02  -1.4499748e-01
   2.1700000e+02  -1.9238709e-01
   2.1800000e+02  -2.3641479e-01
   2.1900000e+02  -2.7699082e-01
   2.2000000e+02  -3.1411979e-01
   2.2100000e+02  -3.4788034e-01
   2.2200000e+02  -3.7840670e-01
   2.2300000e+02  -4.0587228e-01
   2.2400000e+02  -4.3047597e-01
   2.2500000e+02  -4.5243083e-01
   2.2600000e+02  -4.7195518e-01
   2.2700000e+02  -4.8926577e-01
   2.2800000e+02  -5.0457280e-01
   2.2900000e+02  -5.1807643e-01
   2.3000000e+02  -5.2996448e-01
   2.3100000e+02  -5.4041118e-01
   2.3200000e+02  -5.4957652e-01
   2.3300000e+02  -5.5760630e-01
   2.3400000e+02  -5.6463242e-01
   2.3500000e+02  -5.7077359e-01
   2.3600000e+02  -5.7613606e-01
   2.3700000e+02  -5.8081458e-01
   2.3800000e+02  -5.8489332e-01
   2.3900000e+02  -5.8844682e-01
   2.4000000e+02  -5.9154089e-01
   2.4100000e+02  -5.9423357e-01
   2.4200000e+02  -5.9657585e-01
   2.4300000e+02  -5.9861252e-01
   2.4400000e+02  -6.0038283e-01
   2.4500000e+02  -6.0192113e-01
   2.4600000e+02  -6.0325747e-01
   2.4700000e+02  -6.0441807e-01
   2.4800000e+02  -6.0542584e-01
   2.4900000e+02  -6.0630074e-01
   2.5000000e+02  -6.0706015e-01
   2.5100000e+02  -6.0771922e-01
   2.5200000e+02  -6.0829114e-01
   2.5300000e+02  -6.0878737e-01
   2.5400000e+02  -6.1415103e-01
   2.5500000e+02  -6.2704173e-01
   2.5600000e+02  -6.4478004e-01
   2.5700000e+02  -6.6542590e-01
   2.5800000e+02  -6.8756886e-01
   2.5900000e+02  -7.1018838e-01
   2.6000000e+02  -7.3255630e-01
   2.6100000e+02  -7.5416611e-01
   2.6200000e+02  -7.7467975e-01
   2.6300000e+02  -7.9388684e-01
   2.6400000e+02  -8.1167287e-01
   2.6500000e+02  -8.2799431e-01
   2.6600000e+02  -8.4285907e-01
   2.6700000e+02  -8.5631124e-01
   2.6800000e+02  -8.6841929e-01
   2.6900000e+02  -8.7926706e-01
   2.7000000e+02  -8.8894690e-01
   2.7100000e+02  -8.9755468e-01
   2.7200000e+02  -9.0518608e-01
   2.7300000e+02  -9.1193410e-01
   2.7400000e+02  -9.1788727e-01
   2.7500000e+02  -9.2312865e-01
   2.7600000e+02  -9.2773517e-01
   2.7700000e+02  -9.3177743e-01
   2.7800000e+02  -9.3531967e-01
   2.7900000e+02  -9.3841998e-01
   2.8000000e+02  -9.4113061e-01
   2.8100000e+02  -9.4349827e-01
   2.8200000e+02  -9.4556465e-01
   2.8300000e+02  -9.4736673e-01
   2.8400000e+02  -9.4893729e-01
   2.8500000e+02  -9.5030527e-01
   2.8600000e+02  -9.5149619e-01
   2.8700000e+02  -9.5253249e-01
   2.8800000e+02  -9.5343386e-01
   2.8900000e+02  -9.5421761e-01
   2.9000000e+02  -9.5489884e-01
   2.9100000e+02  -9.5549081e-01
   2.9200000e+02  -9.5600508e-01
   2.9300000e+02  -9.5645174e-01
   2.9400000e+02  -9.5683960e-01
   2.9500000e+02  -9.5717634e-01
   2.9600000e+02  -9.5746866e-01
   2.9700000e+02  -9.5772237e-01
   2.9800000e+02  -9.5794254e-01
   2.9900000e+02  -9.5813360e-01
   3.0000000e+02  -9.5829936e-01
   3.0100000e+02  -9.5844317e-01
   3.0200000e+02  -9.5856793e-01
   3.0300000e+02  -9.5867614e-01
   3.0400000e+02  -9.5580828e-01
   3.0500000e+02  -9.4843699e-01
   3.0600000e+02  -9.3828310e-01
   3.0700000e+02  -9.2659333e-01
   3.0800000e+02  -9.1424958e-01
   3.0900000e+02  -9.0185901e-01
   3.1000000e+02  -8.8982554e-01
   3.1100000e+02  -8.7840504e-01
   3.1200000e+02  -8.6774720e-01
   3.1300000e+02  -8.5792690e-01
   3.1400000e+02  -8.4896726e-01
   3.1500000e+02  -8.4085660e-01
   3.1600000e+02  -8.3356068e-01
   3.1700000e+02  -8.2703144e-01
   3.1800000e+02  -8.2121321e-01
   3.1900000e+02  -8.1604708e-01
   3.2000000e+02  -8.1147376e-01
   3.2100000e+02  -8.0743559e-01
   3.2200000e+02  -8.0387779e-01
   3.2300000e+02  -8.0074913e-01
   3.2400000e+02  -7.9800237e-01
   3.2500000e+02  -7.9559432e-01
   3.2600000e+02  -7.9348586e-01
   3.2700000e+02  -7.9164172e-01
   3.2800000e+02  -7.9003034e-01
   3.2900000e+02  -7.8862351e-01
   3.3000000e+02  -7.8739621e-01
   3.3100000e+02  -7.8632624e-01
   3.3200000e+02  -7.8539398e-01
   3.3300000e+02  -7.8458214e-01
   3.3400000e+02  -7.8387549e-01
   3.3500000e+02  -7.8326066e-01
   3.3600000e+02  -7.8272592e-01
   3.3700000e+02  -7.8226100e-01
   3.3800000e+02  -7.8185690e-01
   3.3900000e+02  -7.8150576e-01
   3.4000000e+02  -7.8120071e-01
   3.4100000e+02  -7.8093576e-01
   3.4200000e+02  -7.8070568e-01
   3.4300000e+02  -7.8050592e-01
   3.4400000e+02  -7.8033251e-01
   3.4500000e+02  -7.8018199e-01
   3.4600000e+02  -7.8005136e-01
   3.4700000e+02  -7.7993801e-01
   3.4800000e+02  -7.7983965e-01
   3.4900000e+02  -7.7975432e-01
   3.5000000e+02  -7.7968029e-01
   3.5100000e+02  -7.7961608e-01
   3.5200000e+02  -7.7956038e-01
   3.5300000e+02  -7.7951207e-01
   3.5400000e+02  -7.6900047e-01
   3.5500000e+02  -7.4282372e-01
   3.5600000e+02  -7.0740136e-01
   3.5700000e+02  -6.6736549e-01
   3.5800000e+02  -6.2589708e-01
   3.5900000e+02  -5.8507586e-01
   3.6000000e+02  -5.4618398e-01
   3.6100000e+02  -5.0994643e-01
   3.6200000e+02  -4.7671096e-01
   3.6300000e+02  -4.4657793e-01
   3.6400000e+02  -4.1949140e-01
   3.6500000e+02  -3.9530168e-01
   3.6600000e+02  -3.7380738e-01
   3.6700000e+02  -3.5478320e-01
   3.6800000e+02  -3.3799773e-01
   3.6900000e+02  -3.2322457e-01
   3.7000000e+02  -3.1024890e-01
   3.7100000e+02  -2.9887103e-01
   3.7200000e+02  -2.8890808e-01
   3.7300000e+02  -2.8019425e-01
   3.7400000e+02  -2.7258048e-01
   3.7500000e+02  -2.6593354e-01
   3.7600000e+02  -2.6013490e-01
   3.7700000e+02  -2.5507954e-01
   3.7800000e+02  -2.5067465e-01
   3.7900000e+02  -2.4683844e-01
   3.8000000e+02  -2.4349897e-01
   3.8100000e+02  -2.4059304e-01
   3.8200000e+02  -2.3806528e-01
   3.8300000e+02  -2.3586716e-01
   3.8400000e+02  -2.3395625e-01
   3.8500000e+02  -2.3229544e-01
   3.8600000e+02  -2.3085234e-01
   3.8700000e+02  -2.2959868e-01
   3.8800000e+02  -2.2850980e-01
   3.8900000e+02  -2.2756421e-01
   3.9000000e+02  -2.2674319e-01
   3.9100000e+02  -2.2603042e-01
   3.9200000e+02  -2.2541172e-01
   3.9300000e+02  -2.2487473e-01
   3.9400000e+02  -2.2440872e-01
   3.9500000e+02  -2.2400434e-01
   3.9600000e+02  -2.2365348e-01
   3.9700000e+02  -2.2334908e-01
   3.9800000e+02  -2.2308500e-01
   3.9900000e+02  -2.2285592e-01
   4.0000000e+02  -2.2265722e-01
   4.0100000e+02  -2.2248487e-01
   4.0200000e+02  -2.2233539e-01
   4.0300000e+02  -2.2220575e-01
   4.0400000e+02  -2.2405193e-01
   4.0500000e+02  -2.2890924e-01
   4.0600000e+02  -2.3568497e-01
   4.0700000e+02  -2.4358758e-01
   4.0800000e+02  -2.5204650e-01
   4.0900000e+02  -2.6065518e-01
   4.1000000e+02  -2.6912964e-01
   4.1100000e+02  -2.7727763e-01
   4.1200000e+02  -2.8497530e-01
   4.1300000e+02  -2.9214945e-01
   4.1400000e+02  -2.9876394e-01
   4.1500000e+02  -3.0480931e-01
   4.1600000e+02  -3.1029481e-01
   4.1700000e+02  -3.1524238e-01
   4.1800000e+02  -3.1968213e-01
   4.1900000e+02  -3.2364899e-01
   4.2000000e+02  -3.2718021e-01
   4.2100000e+02  -3.3031359e-01
   4.2200000e+02  -3.3308627e-01
   4.2300000e+02  -3.3553387e-01
   4.2400000e+02  -3.3768998e-01
   4.2500000e+02  -3.3958582e-01
   4.2600000e+02  -3.4125014e-01
   4.2700000e+02  -3.4270912e-01
   4.2800000e+02  -3.4398652e-01
   4.2900000e+02  -3.4510370e-01
   4.3000000e+02  -3.4607980e-01
   4.3100000e+02  -3.4693192e-01
   4.3200000e+02  -3.4767522e-01
   4.3300000e+02  -3.4832316e-01
   4.3400000e+02  -3.4888765e-01
   4.3500000e+02  -3.4937916e-01
   4.3600000e+02  -3.4980693e-01
   4.3700000e+02  -3.5017907e-01
   4.3800000e+02  -3.5050269e-01
   4.3900000e+02  -3.5078402e-01
   4.4000000e+02  -3.5102852e-01
   4.4100000e+02  -3.5124095e-01
   4.4200000e+02  -3.5142547e-01
   4.4300000e+02  -3.5158572e-01
   4.4400000e+02  -3.5172486e-01
   4.4500000e+02  -3.5184565e-01
   4.4600000e+02  -3.5195050e-01
   4.4700000e+02  -3.5204149e-01
   4.4800000e+02  -3.5212046e-01
   4.4900000e+02  -3.5218898e-01
   4.5000000e+02  -3.5224842e-01
   4.5100000e+02  -3.5229999e-01
   4.5200000e+02  -3.5234473e-01
   4.5300000e+02  -3.5238353e-01
   4.5400000e+02  -3.3220367e-01
   4.5500000e+02  -2.8256688e-01
   4.5600000e+02  -2.1716607e-01
   4.5700000e+02  -1.4571467e-01
   4.5800000e+02  -7.4446181e-02
   4.5900000e+02  -6.9815350e-03
   4.6000000e+02   5.4841935e-02
   4.6100000e+02   1.1031996e-01
   4.6200000e+02   1.5942140e-01
   4.6300000e+02   2.0248437e-01
   4.6400000e+02   2.4002574e-01
   4.6500000e+02   2.7262711e-01
   4.6600000e+02   3.0087023e-01
   4.6700000e+02   3.2530293e-01
   4.6800000e+02   3.4642346e-01
   4.6900000e+02   3.6467532e-01
   4.7000000e+02   3.8044803e-01
   4.7100000e+02   3.9408071e-01
   4.7200000e+02   4.0586704e-01
   4.7300000e+02   4.1606050e-01
   4.7400000e+02   4.2487950e-01
   4.7500000e+02   4.3251205e-01
   4.7600000e+02   4.3911996e-01
   4.7700000e+02   4.4484253e-01
   4.7800000e+02   4.4979972e-01
   4.7900000e+02   4.5409494e-01
   4.8000000e+02   4.5781735e-01
   4.8100000e+02   4.6104390e-01
   4.8200000e+02   4.6384106e-01
   4.8300000e+02   4.6626625e-01
   4.8400000e+02   4.6836914e-01
   4.8500000e+02   4.7019271e-01
   4.8600000e+02   4.7177413e-01
   4.8700000e+02   4.7314563e-01
   4.8800000e+02   4.7433511e-01
   4.8900000e+02   4.7536673e-01
   4.9000000e+02   4.7626145e-01
   4.9100000e+02   4.7703745e-01
   4.9200000e+02   4.7771047e-01
   4.9300000e+02   4.7829417e-01
   4.9400000e+02   4.7880040e-01
   4.9500000e+02   4.7923944e-01
   4.9600000e+02   4.7962019e-01
   4.9700000e+02   4.7995039e-01
   4.9800000e+02   4.8023674e-01
   4.9900000e+02   4.8048507e-01
   5.0000000e+02   4.8070041e-01
   5.0100000e+02   4.8088714e-01
   5.0200000e+02   4.8104906e-01
   5.0300000e+02   4.8118947e-01
   5.0400000e+02   4.7041088e-01
   5.0500000e+02   4.4199501e-01
   5.0600000e+02   4.0025816e-01
   5.0700000e+02   3.4808250e-01
   5.0800000e+02   2.8769887e-01
   5.0900000e+02   2.2103863e-01
   5.1000000e+02   1.4987737e-01
   5.1100000e+02   7.5875005e-02
   5.1200000e+02   5.6720369e-04
   5.1300000e+02  -7.4661366e-02
   5.1400000e+02  -1.4860450e-01
   5.1500000e+02  -2.2025382e-01
   5.1600000e+02  -2.8880647e-01
   5.1700000e+02  -3.5366129e-01
   5.1800000e+02  -4.1440529e-01
   5.1900000e+02  -4.7079333e-01
   5.2000000e+02  -5.2272380e-01
   5.2100000e+02  -5.7021292e-01
   5.2200000e+02  -6.1336956e-01
   5.2300000e+02  -6.5237198e-01
   5.2400000e+02  -6.8744733e-01
   5.2500000e+02  -7.1885427e-01
   5.2600000e+02  -7.4686867e-01
   5.2700000e+02  -7.7177242e-01
   5.2800000e+02  -7.9384475e-01
   5.2900000e+02  -8.1335605e-01
   5.3000000e+02  -8.3056339e-01
   5.3100000e+02  -8.4570777e-01
   5.3200000e+02  -8.5901248e-01
   5.3300000e+02  -8.7068242e-01
   5.3400000e+02  -8.8090416e-01
   5.3500000e+02  -8.8984639e-01
   5.3600000e+02  -8.9766080e-01
   5.3700000e+02  -9.0448312e-01
   5.3800000e+02  -9.1043430e-01
   5.3900000e+02  -9.1562175e-01
   5.4000000e+02  -9.2014053e-01
   5.4100000e+02  -9.2407459e-01
   5.4200000e+02  -9.2749786e-01
   5.4300000e+02  -9.3047534e-01
   5.4400000e+02  -9.3306407e-01
   5.4500000e+02  -9.3531403e-01
   5.4600000e+02  -9.3726896e-01
   5.4700000e+02  -9.3896709e-01
   5.4800000e+02  -9.4044180e-01
   5.4900000e+02  -9.4172224e-01
   5.5000000e+02  -9.4283378e-01
   5.5100000e+02  -9.4379854e-01
   5.5200000e+02  -9.4463580e-01
   5.5300000e+02  -9.4536231e-01
   5.5400000e+02  -9.0802013e-01
   5.5500000e+02  -8.1598937e-01
   5.5600000e+02  -6.9614916e-01
   5.5700000e+02  -5.6734851e-01
   5.5800000e+02  -4.4124650e-01
   5.5900000e+02  -3.2417797e-01
   5.6000000e+02  -2.1896625e-01
   5.6100000e+02  -1.2631782e-01
   5.6200000e+02  -4.5773189e-02
   5.6300000e+02   2.3694856e-02
   5.6400000e+02   8.3328460e-02
   5.6500000e+02   1.3438996e-01
   5.6600000e+02   1.7806338e-01
   5.6700000e+02   2.1541173e-01
   5.6800000e+02   2.4736519e-01
   5.6900000e+02   2.7472516e-01
   5.7000000e+02   2.9817572e-01
   5.7100000e+02   3.1829771e-01
   5.7200000e+02   3.3558302e-01
   5.7300000e+02   3.5044779e-01
   5.7400000e+02   3.6324423e-01
   5.7500000e+02   3.7427065e-01
   5.7600000e+02   3.8378017e-01
   5.7700000e+02   3.9198788e-01
   5.7800000e+02   3.9907689e-01
   5.7900000e+02   4.0520343e-01
   5.8000000e+02   4.1050099e-01
   5.8100000e+02   4.1508385e-01
   5.8200000e+02   4.1905001e-01
   5.8300000e+02   4.2248363e-01
   5.8400000e+02   4.2545706e-01
   5.8500000e+02   4.2803260e-01
   5.8600000e+02   4.3026396e-01
   5.8700000e+02   4.3219746e-01
   5.8800000e+02   4.3387309e-01
   5.8900000e+02   4.3532542e-01
   5.9000000e+02   4.3658431e-01
   5.9100000e+02   4.3767562e-01
   5.9200000e+02   4.3862170e-01
   5.9300000e+02   4.3944193e-01
   5.9400000e+02   4.4015306e-01
   5.9500000e+02   4.4076963e-01
   5.9600000e+02   4.4130422e-01
   5.9700000e+02   4.4176773e-01
   5.9800000e+02   4.4216963e-01
   5.9900000e+02   4.4251809e-01
   6.0000000e+02   4.4282022e-01
   6.0100000e+02   4.4308219e-01
   6.0200000e+02   4.4330933e-01
   6.0300000e+02   4.4350627e-01
   6.0400000e+02   4.4018042e-01
   6.0500000e+02   4.3141216e-01
   6.0600000e+02   4.1902432e-01
   6.0700000e+02   4.0433046e-01
   6.0800000e+02   3.8830156e-01
   6.0900000e+02   3.7166402e-01
   6.1000000e+02   3.5496087e-01
   6.1100000e+02   3.3859288e-01
   6.1200000e+02   3.2284826e-01
   6.1300000e+02   3.0792547e-01
   6.1400000e+02   2.9395162e-01
   6.1500000e+02   2.8099776e-01
   6.1600000e+02   2.6909149e-01
   6.1700000e+02   2.5822767e-01
   6.1800000e+02   2.4837713e-01
   6.1900000e+02   2.3949384e-01
   6.2000000e+02   2.3152068e-01
   6.2100000e+02   2.2439391e-01
   6.2200000e+02   2.1804666e-01
   6.2300000e+02   2.1241155e-01
   6.2400000e+02   2.0742259e-01
   6.2500000e+02   2.0301646e-01
   6.2600000e+02   1.9913345e-01
   6.2700000e+02   1.9571793e-01
   6.2800000e+02   1.9271864e-01
   6.2900000e+02   1.9008872e-01
   6.3000000e+02   1.8778570e-01
   6.3100000e+02   1.8577124e-01
   6.3200000e+02   1.8401100e-01
   6.3300000e+02   1.8247425e-01
   6.3400000e+02   1.8113370e-01
   6.3500000e+02   1.7996512e-01
   6.3600000e+02   1.7894707e-01
   6.3700000e+02   1.7806066e-01
   6.3800000e+02   1.7728925e-01
   6.3900000e+02   1.7661820e-01
   6.4000000e+02   1.7603468e-01
   6.4100000e+02   1.7552744e-01
   6.4200000e+02   1.7508665e-01
   6.4300000e+02   1.7470371e-01
   6.4400000e+02   1.7437110e-01
   6.4500000e+02   1.7408227e-01
   6.4600000e+02   1.7383150e-01
   6.4700000e+02   1.7361382e-01
   6.4800000e+02   1.7342488e-01
   6.4900000e+02   1.7326091e-01
   6.5000000e+02   1.7311864e-01
   6.5100000e+02   1.7299519e-01
   6.5200000e+02   1.7288810e-01
   6.5300000e+02   1.7279520e-01
   6.5400000e+02   1.6151167e-01
   6.5500000e+02   1.3249553e-01
   6.5600000e+02   9.0895692e-02
   6.5700000e+02   4.0344538e-02
   6.5800000e+02  -1.6384607e-02
   6.5900000e+02  -7.7058490e-02
   6.6000000e+02  -1.3982980e-01
   6.6100000e+02  -2.0316290e-01
   6.6200000e+02  -2.6579593e-01
   6.6300000e+02  -3.2671710e-01
   6.6400000e+02  -3.8514423e-01
   6.6500000e+02  -4.4050312e-01
   6.6600000e+02  -4.9240350e-01
   6.6700000e+02  -5.4061328e-01
   6.6800000e+02  -5.8503220e-01
   6.6900000e+02  -6.2566626e-01
   6.7000000e+02  -6.6260388e-01
   6.7100000e+02  -6.9599466e-01
   6.7200000e+02  -7.2603100e-01
   6.7300000e+02  -7.5293277e-01
   6.7400000e+02  -7.7693489e-01
   6.7500000e+02  -7.9827754e-01
   6.7600000e+02  -8.1719882e-01
   6.7700000e+02  -8.3392930e-01
   6.7800000e+02  -8.4868830e-01
   6.7900000e+02  -8.6168149e-01
   6.8000000e+02  -8.7309946e-01
   6.8100000e+02  -8.8311722e-01
   6.8200000e+02  -8.9189411e-01
   6.8300000e+02  -8.9957433e-01
   6.8400000e+02  -9.0628756e-01
   6.8500000e+02  -9.1214989e-01
   6.8600000e+02  -9.1726483e-01
   6.8700000e+02  -9.2172430e-01
   6.8800000e+02  -9.2560975e-01
   6.8900000e+02  -9.2899307e-01
   6.9000000e+02  -9.3193764e-01
   6.9100000e+02  -9.3449919e-01
   6.9200000e+02  -9.3672665e-01
   6.9300000e+02  -9.3866291e-01
   6.9400000e+02  -9.4034550e-01
   6.9500000e+02  -9.4180726e-01
   6.9600000e+02  -9.4307685e-01
   6.9700000e+02  -9.4417930e-01
   6.9800000e+02  -9.4513644e-01
   6.9900000e+02  -9.4596726e-01
   7.0000000e+02  -9.4668834e-01
   7.0100000e+02  -9.4731409e-01
   7.0200000e+02  -9.4785705e-01
   7.0300000e+02  -9.4832812e-01
   7.0400000e+02  -9.0821139e-01
   7.0500000e+02  -8.1000443e-01
   7.0600000e+02  -6.8273863e-01
   7.0700000e+02  -5.4668390e-01
   7.0800000e+02  -4.1423417e-01
   7.0900000e+02  -2.9198272e-01
   7.1000000e+02  -1.8273858e-01
   7.1100000e+02  -8.7066160e-02
   7.1200000e+02  -4.3228017e-03
   7.1300000e+02   6.6697944e-02
   7.1400000e+02   1.2739414e-01
   7.1500000e+02   1.7915524e-01
   7.1600000e+02   2.2326479e-01
   7.1700000e+02   2.6086165e-01
   7.1800000e+02   2.9293262e-01
   7.1900000e+02   3.2032078e-01
   7.2000000e+02   3.4374047e-01
   7.2100000e+02   3.6379421e-01
   7.2200000e+02   3.8098925e-01
   7.2300000e+02   3.9575245e-01
   7.2400000e+02   4.0844332e-01
   7.2500000e+02   4.1936509e-01
   7.2600000e+02   4.2877400e-01
   7.2700000e+02   4.3688704e-01
   7.2800000e+02   4.4388840e-01
   7.2900000e+02   4.4993472e-01
   7.3000000e+02   4.5515955e-01
   7.3100000e+02   4.5967696e-01
   7.3200000e+02   4.6358456e-01
   7.3300000e+02   4.6696604e-01
   7.3400000e+02   4.6989323e-01
   7.3500000e+02   4.7242790e-01
   7.3600000e+02   4.7462323e-01
   7.3700000e+02   4.7652504e-01
   7.3800000e+02   4.7817286e-01
   7.3900000e+02   4.7960081e-01
   7.4000000e+02   4.8083838e-01
   7.4100000e+02   4.8191105e-01
   7.4200000e+02   4.8284087e-01
   7.4300000e+02   4.8364691e-01
   7.4400000e+02   4.8434567e-01
   7.4500000e+02   4.8495147e-01
   7.4600000e+02   4.8547669e-01
   7.4700000e+02   4.8593204e-01
   7.4800000e+02   4.8632684e-01
   7.4900000e+02   4.8666914e-01
   7.5000000e+02   4.8696592e-01
   7.5100000e+02   4.8722324e-01
   7.5200000e+02   4.8744634e-01
   7.5300000e+02   4.8763977e-01
   7.5400000e+02   4.8355454e-01
   7.5500000e+02   4.7281686e-01
   7.5600000e+02   4.5757403e-01
   7.5700000e+02   4.3936701e-01
   7.5800000e+02   4.1934611e-01
   7.5900000e+02   3.9838968e-01
   7.6000000e+02   3.7717318e-01
   7.6100000e+02   3.5621242e-01
   7.6200000e+02   3.3589356e-01
   7.6300000e+02   3.1649581e-01
   7.6400000e+02   2.9821023e-01
   7.6500000e+02   2.8115589e-01
   7.6600000e+02   2.6539400e-01
   7.6700000e+02   2.5094043e-01
   7.6800000e+02   2.3777638e-01
   7.6900000e+02   2.2585761e-01
   7.7000000e+02   2.1512201e-01
   7.7100000e+02   2.0549589e-01
   7.7200000e+02   1.9689885e-01
   7.7300000e+02   1.8924767e-01
   7.7400000e+02   1.8245919e-01
   7.7500000e+02   1.7645242e-01
   7.7600000e+02   1.7115000e-01
   7.7700000e+02   1.6647917e-01
   7.7800000e+02   1.6237231e-01
   7.7900000e+02   1.5876722e-01
   7.8000000e+02   1.5560716e-01
   7.8100000e+02   1.5284071e-01
   7.8200000e+02   1.5042158e-01
   7.8300000e+02   1.4830824e-01
   7.8400000e+02   1.4646368e-01
   7.8500000e+02   1.4485495e-01
   7.8600000e+02   1.4345286e-01
   7.8700000e+02   1.4223162e-01
   7.8800000e+02   1.4116846e-01
   7.8900000e+02   1.4024337e-01
   7.9000000e+02   1.3943875e-01
   7.9100000e+02   1.3873917e-01
   7.9200000e+02   1.3813113e-01
   7.9300000e+02   1.3760279e-01
   7.9400000e+02   1.3714384e-01
   7.9500000e+02   1.3674524e-01
   7.9600000e+02   1.3639914e-01
   7.9700000e+02   1.3609867e-01
   7.9800000e+02   1.3583786e-01
   7.9900000e+02   1.3561151e-01
   8.0000000e+02   1.3541508e-01
   8.0100000e+02   1.3524465e-01
   8.0200000e+02   1.3509679e-01
   8.0300000e+02   1.3496851e-01
   8.0400000e+02   1.2349982e-01
   8.0500000e+02   9.4077985e-02
   8.0600000e+02   5.1961227e-02
   8.0700000e+02   8.6640588e-04
   8.0800000e+02  -5.6372486e-02
   8.0900000e+02  -1.1748245e-01
   8.1000000e+02  -1.8059385e-01
   8.1100000e+02  -2.4416247e-01
   8.1200000e+02  -3.0692805e-01
   8.1300000e+02  -3.6788740e-01
   8.1400000e+02  -4.2627110e-01
   8.1500000e+02  -4.8151973e-01
   8.1600000e+02  -5.3325808e-01
   8.1700000e+02  -5.8126835e-01
   8.1800000e+02  -6.2546303e-01
   8.1900000e+02  -6.6585898e-01
   8.2000000e+02  -7.0255352e-01
   8.2100000e+02  -7.3570325e-01
   8.2200000e+02  -7.6550580e-01
   8.2300000e+02  -7.9218482e-01
   8.2400000e+02  -8.1597768e-01
   8.2500000e+02  -8.3712606e-01
   8.2600000e+02  -8.5586873e-01
   8.2700000e+02  -8.7243634e-01
   8.2800000e+02  -8.8704786e-01
   8.2900000e+02  -8.9990826e-01
   8.3000000e+02  -9.1120730e-01
   8.3100000e+02  -9.2111898e-01
   8.3200000e+02  -9.2980163e-01
   8.3300000e+02  -9.3739837e-01
   8.3400000e+02  -9.4403787e-01
   8.3500000e+02  -9.4983523e-01
   8.3600000e+02  -9.5489303e-01
   8.3700000e+02  -9.5930237e-01
   8.3800000e+02  -9.6314387e-01
   8.3900000e+02  -9.6648874e-01
   8.4000000e+02  -9.6939970e-01
   8.4100000e+02  -9.7193190e-01
   8.4200000e+02  -9.7413375e-01
   8.4300000e+02  -9.7604769e-01
   8.4400000e+02  -9.7771084e-01
   8.4500000e+02  -9.7915566e-01
   8.4600000e+02  -9.8041053e-01
   8.4700000e+02  -9.8150017e-01
   8.4800000e+02  -9.8244617e-01
   8.4900000e+02  -9.8326731e-01
   8.5000000e+02  -9.8397999e-01
   8.5100000e+02  -9.8459843e-01
   8.5200000e+02  -9.8513504e-01
   8.5300000e+02  -9.8560060e-01
   8.5400000e+02  -9.4868865e-01
   8.5500000e+02  -8.5795808e-01
   8.5600000e+02  -7.3964837e-01
   8.5700000e+02  -6.1219151e-01
   8.5800000e+02  -4.8705401e-01
   8.5900000e+02  -3.7053285e-01
   8.6000000e+02  -2.6549694e-01
   8.6100000e+02  -1.7273141e-01
   8.6200000e+02  -9.1859329e-02
   8.6300000e+02  -2.1926225e-02
   8.6400000e+02   3.8251847e-02
   8.6500000e+02   8.9893598e-02
   8.6600000e+02   1.3415203e-01
   8.6700000e+02   1.7206923e-01
   8.6800000e+02   2.0456206e-01
   8.6900000e+02   2.3242422e-01
   8.7000000e+02   2.5633602e-01
   8.7100000e+02   2.7687726e-01
   8.7200000e+02   2.9454055e-01
   8.7300000e+02   3.0974394e-01
   8.7400000e+02   3.2284215e-01
   8.7500000e+02   3.3413640e-01
   8.7600000e+02   3.4388279e-01
   8.7700000e+02   3.5229940e-01
   8.7800000e+02   3.5957223e-01
   8.7900000e+02   3.6586018e-01
   8.8000000e+02   3.7129923e-01
   8.8100000e+02   3.7600596e-01
   8.8200000e+02   3.8008041e-01
   8.8300000e+02   3.8360860e-01
   8.8400000e+02   3.8666456e-01
   8.8500000e+02   3.8931207e-01
   8.8600000e+02   3.9160613e-01
   8.8700000e+02   3.9359422e-01
   8.8800000e+02   3.9531737e-01
   8.8900000e+02   3.9681103e-01
   8.9000000e+02   3.9810587e-01
   8.9100000e+02   3.9922843e-01
   8.9200000e+02   4.0020166e-01
   8.9300000e+02   4.0104548e-01
   8.9400000e+02   4.0177710e-01
   8.9500000e+02   4.0241147e-01
   8.9600000e+02   4.0296150e-01
   8.9700000e+02   4.0343843e-01
   8.9800000e+02   4.0385196e-01
   8.9900000e+02   4.0421052e-01
   9.0000000e+02   4.0452142e-01
   9.0100000e+02   4.0479099e-01
   9.0200000e+02   4.0502473e-01
   9.0300000e+02   4.0522739e-01
   9.0400000e+02   4.0539071e-01
   9.0500000e+02   4.0551178e-01
   9.0600000e+02   4.0560079e-01
   9.0700000e+02   4.0566553e-01
   9.0800000e+02   4.0571198e-01
   9.0900000e+02   4.0574472e-01
   9.1000000e+02   4.0576724e-01
   9.1100000e+02   4.0578220e-01
   9.1200000e+02   4.0579161e-01
   9.1300000e+02   4.0579700e-01
   9.1400000e+02   4.0579952e-01
   9.1500000e+02   4.0580003e-01
   9.1600000e+02   4.0579916e-01
   9.1700000e+02   4.0579738e-01
   9.1800000e+02   4.0579505e-01
   9.1900000e+02   4.0579242e-01
   9.2000000e+02   4.0578965e-01
   9.2100000e+02   4.0578687e-01
   9.2200000e+02   4.0578418e-01
   9.2300000e+02   4.0578161e-01
   9.2400000e+02   4.0577921e-01
   9.2500000e+02   4.0577700e-01
   9.2600000e+02   4.0577497e-01
   9.2700000e+02   4.0577312e-01
   9.2800000e+02   4.0577146e-01
   9.2900000e+02   4.0576997e-01
   9.3000000e+02   4.0576863e-01
   9.3100000e+02   4.0576745e-01
   9.3200000e+02   4.0576639e-01
   9.3300000e+02   4.0576546e-01
   9.3400000e+02   4.0576464e-01
   9.3500000e+02   4.0576392e-01
   9.3600000e+02   4.0576328e-01
   9.3700000e+02   4.0576272e-01
   9.3800000e+02   4.0576223e-01
   9.3900000e+02   4.0576181e-01
   9.4000000e+02   4.0576143e-01
   9.4100000e+02   4.0576110e-01
   9.4200000e+02   4.0576082e-01
   9.4300000e+02   4.0576057e-01
   9.4400000e+02   4.0576035e-01
   9.4500000e+02   4.0576016e-01
   9.4600000e+02   4.0576000e-01
   9.4700000e+02   4.0575985e-01
   9.4800000e+02   4.0575973e-01
   9.4900000e+02   4.0575962e-01
   9.5000000e+02   4.0575953e-01
   9.5100000e+02   4.0575944e-01
   9.5200000e+02   4.0575937e-01
   9.5300000e+02   4.0575931e-01
   9.5400000e+02   4.0071841e-01
   9.5500000e+02   3.8780989e-01
   9.5600000e+02   3.6956410e-01
   9.5700000e+02   3.4779753e-01
   9.5800000e+02   3.2386838e-01
   9.5900000e+02   2.9881632e-01
   9.6000000e+02   2.7344325e-01
   9.6100000e+02   2.4836367e-01
   9.6200000e+02   2.2403928e-01
   9.6300000e+02   2.0080533e-01
   9.6400000e+02   1.7889234e-01
   9.6500000e+02   1.5844505e-01
   9.6600000e+02   1.3953900e-01
   9.6700000e+02   1.2219522e-01
   9.6800000e+02   1.0639304e-01
   9.6900000e+02   9.2080985e-02
   9.7000000e+02   7.9185903e-02
   9.7100000e+02   6.7620438e-02
   9.7200000e+02   5.7288985e-02
   9.7300000e+02   4.8092336e-02
   9.7400000e+02   3.9931177e-02
   9.7500000e+02   3.2708654e-02
   9.7600000e+02   2.6332158e-02
   9.7700000e+02   2.0714503e-02
   9.7800000e+02   1.5774619e-02
   9.7900000e+02   1.1437886e-02
   9.8000000e+02   7.6361924e-03
   9.8100000e+02   4.3078032e-03
   9.8200000e+02   1.3970936e-03
   9.8300000e+02  -1.1458040e-03
   9.8400000e+02  -3.3654042e-03
   9.8500000e+02  -5.3012961e-03
   9.8600000e+02  -6.9885767e-03
   9.8700000e+02  -8.4582745e-03
   9.8800000e+02  -9.7377559e-03
   9.8900000e+02  -1.0851107e-02
   9.9000000e+02  -1.1819487e-02
   9.9100000e+02  -1.2661459e-02
   9.9200000e+02  -1.3393279e-02
   9.9300000e+02  -1.4029170e-02
   9.9400000e+02  -1.4581564e-02
   9.9500000e+02  -1.5061313e-02
   9.9600000e+02  -1.5477885e-02
   9.9700000e+02  -1.5839534e-02
   9.9800000e+02  -1.6153450e-02
   9.9900000e+02  -1.6425894e-02
   1.0000000e+03  -1.6662316e-02
   1.0010000e+03  -1.6867454e-02
   1.0020000e+03  -1.7045431e-02
   1.0030000e+03  -1.7199829e-02
   1.0040000e+03  -2.3239222e-02
   1.0050000e+03  -3.8409526e-02
   1.0060000e+03  -5.9622853e-02
   1.0070000e+03  -8.4650180e-02
   1.0080000e+03  -1.1184646e-01
   1.0090000e+03  -1.3998629e-01
   1.0100000e+03  -1.6815941e-01
   1.0110000e+03  -1.9569947e-01
   1.0120000e+03  -2.2213220e-01
   1.0130000e+03  -2.4713534e-01
   1.0140000e+03  -2.7050654e-01
   1.0150000e+03  -2.9213693e-01
   1.0160000e+03  -3.1198936e-01
   1.0170000e+03  -3.3008028e-01
   1.0180000e+03  -3.4646502e-01
   1.0190000e+03  -3.6122582e-01
   1.0200000e+03  -3.7446236e-01
   1.0210000e+03  -3.8628433e-01
   1.0220000e+03  -3.9680579e-01
   1.0230000e+03  -4.0614097e-01
   1.0240000e+03  -4.1440122e-01
   1.0250000e+03  -4.2169295e-01
   1.0260000e+03  -4.2811627e-01
   1.0270000e+03  -4.3376416e-01
   1.0280000e+03  -4.3872218e-01
   1.0290000e+03  -4.4306836e-01
   1.0300000e+03  -4.4687338e-01
   1.0310000e+03  -4.5020090e-01
   1.0320000e+03  -4.5310797e-01
   1.0330000e+03  -4.5564549e-01
   1.0340000e+03  -4.5785874e-01
   1.0350000e+03  -4.5978782e-01
   1.0360000e+03  -4.6146821e-01
   1.0370000e+03  -4.6293118e-01
   1.0380000e+03  -4.6420425e-01
   1.0390000e+03  -4.6531161e-01
   1.0400000e+03  -4.6627447e-01
   1.0410000e+03  -4.6711140e-01
   1.0420000e+03  -4.6783866e-01
   1.0430000e+03  -4.6847045e-01
   1.0440000e+03  -4.6901919e-01
   1.0450000e+03  -4.6949568e-01
   1.0460000e+03  -4.6990936e-01
   1.0470000e+03  -4.7026846e-01
   1.0480000e+03  -4.7058014e-01
   1.0490000e+03  -4.7085061e-01
   1.0500000e+03  -4.7108530e-01
   1.0510000e+03  -4.7128892e-01
   1.0520000e+03  -4.7146557e-01
   1.0530000e+03  -4.7161881e-01
   1.0540000e+03  -4.4745138e-01
   1.0550000e+03  -3.8802063e-01
   1.0560000e+03  -3.1004542e-01
   1.0570000e+03  -2.2534048e-01
   1.0580000e+03  -1.4139383e-01
   1.0590000e+03  -6.2459073e-02
   1.0600000e+03   9.3929030e-03
   1.0610000e+03   7.3453571e-02
   1.0620000e+03   1.2980375e-01
   1.0630000e+03   1.7894124e-01
   1.0640000e+03   2.2155210e-01
   1.0650000e+03   2.5837734e-01
   1.0660000e+03   2.9014007e-01
   1.0670000e+03   3.1750917e-01
   1.0680000e+03   3.4108435e-01
   1.0690000e+03   3.6139316e-01
   1.0700000e+03   3.7889415e-01
   1.0710000e+03   3.9398296e-01
   1.0720000e+03   4.0699949e-01
   1.0730000e+03   4.1823506e-01
   1.0740000e+03   4.2793903e-01
   1.0750000e+03   4.3632488e-01
   1.0760000e+03   4.4357539e-01
   1.0770000e+03   4.4984721e-01
   1.0780000e+03   4.5527471e-01
   1.0790000e+03   4.5997327e-01
   1.0800000e+03   4.6404209e-01
   1.0810000e+03   4.6756653e-01
   1.0820000e+03   4.7062014e-01
   1.0830000e+03   4.7326633e-01
   1.0840000e+03   4.7555983e-01
   1.0850000e+03   4.7754790e-01
   1.0860000e+03   4.7927142e-01
   1.0870000e+03   4.8076570e-01
   1.0880000e+03   4.8206133e-01
   1.0890000e+03   4.8318477e-01
   1.0900000e+03   4.8415895e-01
   1.0910000e+03   4.8500371e-01
   1.0920000e+03   4.8573626e-01
   1.0930000e+03   4.8637152e-01
   1.0940000e+03   4.8692240e-01
   1.0950000e+03   4.8740011e-01
   1.0960000e+03   4.8781437e-01
   1.0970000e+03   4.8817360e-01
   1.0980000e+03   4.8848511e-01
   1.0990000e+03   4.8875524e-01
   1.1000000e+03   4.8898947e-01
   1.1010000e+03   4.8919258e-01
   1.1020000e+03   4.8936870e-01
   1.1030000e+03   4.8952141e-01
   1.1040000e+03   4.7877122e-01
   1.1050000e+03   4.5039659e-01
   1.1060000e+03   4.0867779e-01
   1.1070000e+03   3.5646349e-01
   1.1080000e+03   2.9595843e-01
   1.1090000e+03   2.2907711e-01
   1.1100000e+03   1.5758776e-01
   1.1110000e+03   8.3151788e-02
   1.1120000e+03   7.3136709e-03
   1.1130000e+03  -6.8527672e-02
   1.1140000e+03  -1.4314838e-01
   1.1150000e+03  -2.1552091e-01
   1.1160000e+03  -2.8482337e-01
   1.1170000e+03  -3.5043690e-01
   1.1180000e+03  -4.1193298e-01
   1.1190000e+03  -4.6905353e-01
   1.1200000e+03  -5.2168677e-01
   1.1210000e+03  -5.6984139e-01
   1.1220000e+03  -6.1362118e-01
   1.1230000e+03  -6.5320140e-01
   1.1240000e+03  -6.8880799e-01
   1.1250000e+03  -7.2069971e-01
   1.1260000e+03  -7.4915369e-01
   1.1270000e+03  -7.7445376e-01
   1.1280000e+03  -7.9688168e-01
   1.1290000e+03  -8.1671065e-01
   1.1300000e+03  -8.3420072e-01
   1.1310000e+03  -8.4959591e-01
   1.1320000e+03  -8.6312247e-01
   1.1330000e+03  -8.7498817e-01
   1.1340000e+03  -8.8538225e-01
   1.1350000e+03  -8.9447593e-01
   1.1360000e+03  -9.0242319e-01
   1.1370000e+03  -9.0936189e-01
   1.1380000e+03  -9.1541489e-01
   1.1390000e+03  -9.2069131e-01
   1.1400000e+03  -9.2528776e-01
   1.1410000e+03  -9.2928957e-01
   1.1420000e+03  -9.3277189e-01
   1.1430000e+03  -9.3580080e-01
   1.1440000e+03  -9.3843430e-01
   1.1450000e+03  -9.4072322e-01
   1.1460000e+03  -9.4271203e-01
   1.1470000e+03  -9.4443961e-01
   1.1480000e+03  -9.4593992e-01
   1.1490000e+03  -9.4724259e-01
   1.1500000e+03  -9.4837344e-01
   1.1510000e+03  -9.4935498e-01
   1.1520000e+03  -9.5020680e-01
   1.1530000e+03  -9.5094594e-01
   1.1540000e+03  -9.1107185e-01
   1.1550000e+03  -8.1307044e-01
   1.1560000e+03  -6.8595228e-01
   1.1570000e+03  -5.4998365e-01
   1.1580000e+03  -4.1756584e-01
   1.1590000e+03  -2.9530412e-01
   1.1600000e+03  -1.8601999e-01
   1.1610000e+03  -9.0288688e-02
   1.1620000e+03  -7.4760155e-03
   1.1630000e+03   6.3618315e-02
   1.1640000e+03   1.2438814e-01
   1.1650000e+03   1.7622020e-01
   1.1660000e+03   2.2039641e-01
   1.1670000e+03   2.5805476e-01
   1.1680000e+03   2.9018172e-01
   1.1690000e+03   3.1762036e-01
   1.1700000e+03   3.4108523e-01
   1.1710000e+03   3.6117917e-01
   1.1720000e+03   3.7840983e-01
   1.1730000e+03   3.9320447e-01
   1.1740000e+03   4.0592302e-01
   1.1750000e+03   4.1686911e-01
   1.1760000e+03   4.2629933e-01
   1.1770000e+03   4.3443103e-01
   1.1780000e+03   4.4144870e-01
   1.1790000e+03   4.4750927e-01
   1.1800000e+03   4.5274654e-01
   1.1810000e+03   4.5727479e-01
   1.1820000e+03   4.6119184e-01
   1.1830000e+03   4.6458153e-01
   1.1840000e+03   4.6751588e-01
   1.1850000e+03   4.7005678e-01
   1.1860000e+03   4.7225753e-01
   1.1870000e+03   4.7416405e-01
   1.1880000e+03   4.7581596e-01
   1.1890000e+03   4.7724748e-01
   1.1900000e+03   4.7848813e-01
   1.1910000e+03   4.7956349e-01
   1.1920000e+03   4.8049563e-01
   1.1930000e+03   4.8130369e-01
   1.1940000e+03   4.8200422e-01
   1.1950000e+03   4.8261154e-01
   1.1960000e+03   4.8313808e-01
   1.1970000e+03   4.8359459e-01
   1.1980000e+03   4.8399038e-01
   1.1990000e+03   4.8433354e-01
   1.2000000e+03   4.8463107e-01
   1.2010000e+03   4.8488904e-01
   1.2020000e+03   4.8511270e-01
   1.2030000e+03   4.8530662e-01
   1.2040000e+03   4.8374318e-01
   1.2050000e+03   4.7949612e-01
   1.2060000e+03   4.7350982e-01
   1.2070000e+03   4.6646734e-01
   1.2080000e+03   4.5886589e-01
   1.2090000e+03   4.5106638e-01
   1.2100000e+03   4.4332759e-01
   1.2110000e+03   4.3583082e-01
   1.2120000e+03   4.2869829e-01
   1.2130000e+03   4.2200728e-01
   1.2140000e+03   4.1580111e-01
   1.2150000e+03   4.1009787e-01
   1.2160000e+03   4.0489717e-01
   1.2170000e+03   4.0018558e-01
   1.2180000e+03   3.9594072e-01
   1.2190000e+03   3.9213451e-01
   1.2200000e+03   3.8873560e-01
   1.2210000e+03   3.8571118e-01
   1.2220000e+03   3.8302830e-01
   1.2230000e+03   3.8065480e-01
   1.2240000e+03   3.7855995e-01
   1.2250000e+03   3.7671488e-01
   1.2260000e+03   3.7509273e-01
   1.2270000e+03   3.7366887e-01
   1.2280000e+03   3.7242081e-01
   1.2290000e+03   3.7132821e-01
   1.2300000e+03   3.7037275e-01
   1.2310000e+03   3.6953803e-01
   1.2320000e+03   3.6880942e-01
   1.2330000e+03   3.6817392e-01
   1.2340000e+03   3.6761999e-01
   1.2350000e+03   3.6713746e-01
   1.2360000e+03   3.6671735e-01
   1.2370000e+03   3.6635176e-01
   1.2380000e+03   3.6603374e-01
   1.2390000e+03   3.6575720e-01
   1.2400000e+03   3.6551682e-01
   1.2410000e+03   3.6530793e-01
   1.2420000e+03   3.6512646e-01
   1.2430000e+03   3.6496883e-01
   1.2440000e+03   3.6483195e-01
   1.2450000e+03   3.6471310e-01
   1.2460000e+03   3.6460994e-01
   1.2470000e+03   3.6452039e-01
   1.2480000e+03   3.6444268e-01
   1.2490000e+03   3.6437525e-01
   1.2500000e+03   3.6431674e-01
   1.2510000e+03   3.6426598e-01
   1.2520000e+03   3.6422194e-01
   1.2530000e+03   3.6418375e-01
   1.2540000e+03   3.5379983e-01
   1.2550000e+03   3.2690032e-01
   1.2560000e+03   2.8800265e-01
   1.2570000e+03   2.4024555e-01
   1.2580000e+03   1.8604461e-01
   1.2590000e+03   1.2739771e-01
   1.2600000e+03   6.6021114e-02
   1.2610000e+03   3.4036997e-03
   1.2620000e+03  -5.9175618e-02
   1.2630000e+03  -1.2064365e-01
   1.2640000e+03  -1.8012978e-01
   1.2650000e+03  -2.3695849e-01
   1.2660000e+03  -2.9063635e-01
   1.2670000e+03  -3.4083387e-01
   1.2680000e+03  -3.8736401e-01
   1.2690000e+03  -4.3015910e-01
   1.2700000e+03  -4.6924779e-01
   1.2710000e+03  -5.0473330e-01
   1.2720000e+03  -5.3677388e-01
   1.2730000e+03  -5.6556581e-01
   1.2740000e+03  -5.9132926e-01
   1.2750000e+03  -6.1429678e-01
   1.2760000e+03  -6.3470434e-01
   1.2770000e+03  -6.5278454e-01
   1.2780000e+03  -6.6876170e-01
   1.2790000e+03  -6.8284847e-01
   1.2800000e+03  -6.9524375e-01
   1.2810000e+03  -7.0613143e-01
   1.2820000e+03  -7.1568006e-01
   1.2830000e+03  -7.2404287e-01
   1.2840000e+03  -7.3135830e-01
   1.2850000e+03  -7.3775073e-01
   1.2860000e+03  -7.4333139e-01
   1.2870000e+03  -7.4819935e-01
   1.2880000e+03  -7.5244254e-01
   1.2890000e+03  -7.5613878e-01
   1.2900000e+03  -7.5935675e-01
   1.2910000e+03  -7.6215693e-01
   1.2920000e+03  -7.6459251e-01
   1.2930000e+03  -7.6671013e-01
   1.2940000e+03  -7.6855067e-01
   1.2950000e+03  -7.7014990e-01
   1.2960000e+03  -7.7153909e-01
   1.2970000e+03  -7.7274555e-01
   1.2980000e+03  -7.7379308e-01
   1.2990000e+03  -7.7470247e-01
   1.3000000e+03  -7.7549180e-01
   1.3010000e+03  -7.7617681e-01
   1.3020000e+03  -7.7677123e-01
   1.3030000e+03  -7.7728698e-01
   1.3040000e+03  -7.4299736e-01
   1.3050000e+03  -6.5870753e-01
   1.3060000e+03  -5.4901472e-01
   1.3070000e+03  -4.3116185e-01
   1.3080000e+03  -3.1580911e-01
   1.3090000e+03  -2.0874389e-01
   1.3100000e+03  -1.1254131e-01
   1.3110000e+03  -2.7841146e-02
   1.3120000e+03   4.5781996e-02
   1.3130000e+03   1.0927143e-01
   1.3140000e+03   1.6376591e-01
   1.3150000e+03   2.1042174e-01
   1.3160000e+03   2.5032292e-01
   1.3170000e+03   2.8444230e-01
   1.3180000e+03   3.1363089e-01
   1.3190000e+03   3.3862170e-01
   1.3200000e+03   3.6004029e-01
   1.3210000e+03   3.7841773e-01
   1.3220000e+03   3.9420366e-01
   1.3230000e+03   4.0777845e-01
   1.3240000e+03   4.1946396e-01
   1.3250000e+03   4.2953280e-01
   1.3260000e+03   4.3821621e-01
   1.3270000e+03   4.4571072e-01
   1.3280000e+03   4.5218359e-01
   1.3290000e+03   4.5777754e-01
   1.3300000e+03   4.6261450e-01
   1.3310000e+03   4.6679884e-01
   1.3320000e+03   4.7042006e-01
   1.3330000e+03   4.7355501e-01
   1.3340000e+03   4.7626978e-01
   1.3350000e+03   4.7862126e-01
   1.3360000e+03   4.8065848e-01
   1.3370000e+03   4.8242375e-01
   1.3380000e+03   4.8395357e-01
   1.3390000e+03   4.8527951e-01
   1.3400000e+03   4.8642885e-01
   1.3410000e+03   4.8742519e-01
   1.3420000e+03   4.8828893e-01
   1.3430000e+03   4.8903777e-01
   1.3440000e+03   4.8968701e-01
   1.3450000e+03   4.9024992e-01
   1.3460000e+03   4.9073798e-01
   1.3470000e+03   4.9116115e-01
   1.3480000e+03   4.9152806e-01
   1.3490000e+03   4.9184619e-01
   1.3500000e+03   4.9212202e-01
   1.3510000e+03   4.9236119e-01
   1.3520000e+03   4.9256856e-01
   1.3530000e+03   4.9274836e-01
   1.3540000e+03   4.8488869e-01
   1.3550000e+03   4.6424143e-01
   1.3560000e+03   4.3434787e-01
   1.3570000e+03   3.9767352e-01
   1.3580000e+03   3.5611159e-01
   1.3590000e+03   3.1121920e-01
   1.3600000e+03   2.6432406e-01
   1.3610000e+03   2.1656880e-01
   1.3620000e+03   1.6892706e-01
   1.3630000e+03   1.2220936e-01
   1.3640000e+03   7.7067896e-02
   1.3650000e+03   3.4004202e-02
   1.3660000e+03  -6.6193889e-03
   1.3670000e+03  -4.4564831e-02
   1.3680000e+03  -7.9701281e-02
   1.3690000e+03  -1.1198712e-01
   1.3700000e+03  -1.4145227e-01
   1.3710000e+03  -1.6818165e-01
   1.3720000e+03  -1.9230044e-01
   1.3730000e+03  -2.1396136e-01
   1.3740000e+03  -2.3333408e-01
   1.3750000e+03  -2.5059675e-01
   1.3760000e+03  -2.6592937e-01
   1.3770000e+03  -2.7950876e-01
   1.3780000e+03  -2.9150506e-01
   1.3790000e+03  -3.0207923e-01
   1.3800000e+03  -3.1138157e-01
   1.3810000e+03  -3.1955088e-01
   1.3820000e+03  -3.2671423e-01
   1.3830000e+03  -3.3298704e-01
   1.3840000e+03  -3.3847350e-01
   1.3850000e+03  -3.4326719e-01
   1.3860000e+03  -3.4745172e-01
   1.3870000e+03  -3.5110153e-01
   1.3880000e+03  -3.5428268e-01
   1.3890000e+03  -3.5705359e-01
   1.3900000e+03  -3.5946583e-01
   1.3910000e+03  -3.6156479e-01
   1.3920000e+03  -3.6339037e-01
   1.3930000e+03  -3.6497757e-01
   1.3940000e+03  -3.6635704e-01
   1.3950000e+03  -3.6755563e-01
   1.3960000e+03  -3.6859677e-01
   1.3970000e+03  -3.6950094e-01
   1.3980000e+03  -3.7028599e-01
   1.3990000e+03  -3.7096750e-01
   1.4000000e+03  -3.7155903e-01
   1.4010000e+03  -3.7207238e-01
   1.4020000e+03  -3.7251783e-01
   1.4030000e+03  -3.7290432e-01
   1.4040000e+03  -3.7840457e-01
   1.4050000e+03  -3.9181649e-01
   1.4060000e+03  -4.1036071e-01
   1.4070000e+03  -4.3202580e-01
   1.4080000e+03  -4.5534356e-01
   1.4090000e+03  -4.7924356e-01
   1.4100000e+03  -5.0295402e-01
   1.4110000e+03  -5.2593073e-01
   1.4120000e+03  -5.4780408e-01
   1.4130000e+03  -5.6833822e-01
   1.4140000e+03  -5.8739898e-01
   1.4150000e+03  -6.0492855e-01
   1.4160000e+03  -6.2092525e-01
   1.4170000e+03  -6.3542756e-01
   1.4180000e+03  -6.4850163e-01
   1.4190000e+03  -6.6023149e-01
   1.4200000e+03  -6.7071166e-01
   1.4210000e+03  -6.8004153e-01
   1.4220000e+03  -6.8832128e-01
   1.4230000e+03  -6.9564896e-01
   1.4240000e+03  -7.0211848e-01
   1.4250000e+03  -7.0781829e-01
   1.4260000e+03  -7.1283067e-01
   1.4270000e+03  -7.1723135e-01
   1.4280000e+03  -7.2108942e-01
   1.4290000e+03  -7.2446750e-01
   1.4300000e+03  -7.2742199e-01
   1.4310000e+03  -7.3000345e-01
   1.4320000e+03  -7.3225701e-01
   1.4330000e+03  -7.3422278e-01
   1.4340000e+03  -7.3593635e-01
   1.4350000e+03  -7.3742915e-01
   1.4360000e+03  -7.3872893e-01
   1.4370000e+03  -7.3986010e-01
   1.4380000e+03  -7.4084412e-01
   1.4390000e+03  -7.4169980e-01
   1.4400000e+03  -7.4244363e-01
   1.4410000e+03  -7.4309004e-01
   1.4420000e+03  -7.4365164e-01
   1.4430000e+03  -7.4413943e-01
   1.4440000e+03  -7.4456304e-01
   1.4450000e+03  -7.4493083e-01
   1.4460000e+03  -7.4525011e-01
   1.4470000e+03  -7.4552723e-01
   1.4480000e+03  -7.4576774e-01
   1.4490000e+03  -7.4597643e-01
   1.4500000e+03  -7.4615751e-01
   1.4510000e+03  -7.4631460e-01
   1.4520000e+03  -7.4645088e-01
   1.4530000e+03  -7.4656910e-01
   1.4540000e+03  -7.4808283e-01
   1.4550000e+03  -7.5173739e-01
   1.4560000e+03  -7.5674051e-01
   1.4570000e+03  -7.6251834e-01
   1.4580000e+03  -7.6865942e-01
   1.4590000e+03  -7.7487336e-01
   1.4600000e+03  -7.8096007e-01
   1.4610000e+03  -7.8678653e-01
   1.4620000e+03  -7.9226930e-01
   1.4630000e+03  -7.9736111e-01
   1.4640000e+03  -8.0204081e-01
   1.4650000e+03  -8.0630571e-01
   1.4660000e+03  -8.1016579e-01
   1.4670000e+03  -8.1363945e-01
   1.4680000e+03  -8.1675031e-01
   1.4690000e+03  -8.1952486e-01
   1.4700000e+03  -8.2199080e-01
   1.4710000e+03  -8.2417586e-01
   1.4720000e+03  -8.2610701e-01
   1.4730000e+03  -8.2780990e-01
   1.4740000e+03  -8.2930855e-01
   1.4750000e+03  -8.3062520e-01
   1.4760000e+03  -8.3178020e-01
   1.4770000e+03  -8.3279206e-01
   1.4780000e+03  -8.3367747e-01
   1.4790000e+03  -8.3445145e-01
   1.4800000e+03  -8.3512741e-01
   1.4810000e+03  -8.3571727e-01
   1.4820000e+03  -8.3623164e-01
   1.4830000e+03  -8.3667990e-01
   1.4840000e+03  -8.3707032e-01
   1.4850000e+03  -8.3741019e-01
   1.4860000e+03  -8.3770593e-01
   1.4870000e+03  -8.3796316e-01
   1.4880000e+03  -8.3818683e-01
   1.4890000e+03  -8.3838124e-01
   1.4900000e+03  -8.3855018e-01
   1.4910000e+03  -8.3869695e-01
   1.4920000e+03  -8.3882442e-01
   1.4930000e+03  -8.3893512e-01
   1.4940000e+03  -8.3903123e-01
   1.4950000e+03  -8.3911466e-01
   1.4960000e+03  -8.3918708e-01
   1.4970000e+03  -8.3924993e-01
   1.4980000e+03  -8.3930446e-01
   1.4990000e+03  -8.3935178e-01
   1.5000000e+03  -8.3939283e-01
   1.5010000e+03  -8.3942844e-01
   1.5020000e+03  -8.3945933e-01
   1.5030000e+03  -8.3948613e-01
   1.5040000e+03  -8.3653178e-01
   1.5050000e+03  -8.2906102e-01
   1.5060000e+03  -8.1880530e-01
   1.5070000e+03  -8.0701865e-01
   1.5080000e+03  -7.9458723e-01
   1.5090000e+03  -7.8212022e-01
   1.5100000e+03  -7.7002193e-01
   1.5110000e+03  -7.5854765e-01
   1.5120000e+03  -7.4784600e-01
   1.5130000e+03  -7.3799054e-01
   1.5140000e+03  -7.2900306e-01
   1.5150000e+03  -7.2087059e-01
   1.5160000e+03  -7.1355777e-01
   1.5170000e+03  -7.0701556e-01
   1.5180000e+03  -7.0118749e-01
   1.5190000e+03  -6.9601395e-01
   1.5200000e+03  -6.9143511e-01
   1.5210000e+03  -6.8739289e-01
   1.5220000e+03  -6.8383215e-01
   1.5230000e+03  -6.8070140e-01
   1.5240000e+03  -6.7795317e-01
   1.5250000e+03  -6.7554413e-01
   1.5260000e+03  -6.7343502e-01
   1.5270000e+03  -6.7159049e-01
   1.5280000e+03  -6.6997889e-01
   1.5290000e+03  -6.6857198e-01
   1.5300000e+03  -6.6734468e-01
   1.5310000e+03  -6.6627476e-01
   1.5320000e+03  -6.6534260e-01
   1.5330000e+03  -6.6453087e-01
   1.5340000e+03  -6.6382434e-01
   1.5350000e+03  -6.6320965e-01
   1.5360000e+03  -6.6267504e-01
   1.5370000e+03  -6.6221024e-01
   1.5380000e+03  -6.6180625e-01
   1.5390000e+03  -6.6145522e-01
   1.5400000e+03  -6.6115026e-01
   1.5410000e+03  -6.6088540e-01
   1.5420000e+03  -6.6065540e-01
   1.5430000e+03  -6.6045571e-01
   1.5440000e+03  -6.6028236e-01
   1.5450000e+03  -6.6013190e-01
   1.5460000e+03  -6.6000133e-01
   1.5470000e+03  -6.5988802e-01
   1.5480000e+03  -6.5978970e-01
   1.5490000e+03  -6.5970440e-01
   1.5500000e+03  -6.5963040e-01
   1.5510000e+03  -6.5956621e-01
   1.5520000e+03  -6.5951054e-01
   1.5530000e+03  -6.5946224e-01
   1.5540000e+03  -6.3808186e-01
   1.5550000e+03  -5.8542349e-01
   1.5560000e+03  -5.1563540e-01
   1.5570000e+03  -4.3880205e-01
   1.5580000e+03  -3.6150157e-01
   1.5590000e+03  -2.8766698e-01
   1.5600000e+03  -2.1939826e-01
   1.5610000e+03  -1.5760394e-01
   1.5620000e+03  -1.0246164e-01
   1.5630000e+03  -5.3728978e-02
   1.5640000e+03  -1.0943833e-02
   1.5650000e+03   2.6451774e-02
   1.5660000e+03   5.9038265e-02
   1.5670000e+03   8.7377310e-02
   1.5680000e+03   1.1199061e-01
   1.5690000e+03   1.3335071e-01
   1.5700000e+03   1.5187879e-01
   1.5710000e+03   1.6794630e-01
   1.5720000e+03   1.8187856e-01
   1.5730000e+03   1.9395921e-01
   1.5740000e+03   2.0443479e-01
   1.5750000e+03   2.1351924e-01
   1.5760000e+03   2.2139798e-01
   1.5770000e+03   2.2823163e-01
   1.5780000e+03   2.3415928e-01
   1.5790000e+03   2.3930142e-01
   1.5800000e+03   2.4376240e-01
   1.5810000e+03   2.4763261e-01
   1.5820000e+03   2.5099039e-01
   1.5830000e+03   2.5390364e-01
   1.5840000e+03   2.5643124e-01
   1.5850000e+03   2.5862423e-01
   1.5860000e+03   2.6052689e-01
   1.5870000e+03   2.6217762e-01
   1.5880000e+03   2.6360975e-01
   1.5890000e+03   2.6485220e-01
   1.5900000e+03   2.6593005e-01
   1.5910000e+03   2.6686508e-01
   1.5920000e+03   2.6767619e-01
   1.5930000e+03   2.6837978e-01
   1.5940000e+03   2.6899007e-01
   1.5950000e+03   2.6951942e-01
   1.5960000e+03   2.6997854e-01
   1.5970000e+03   2.7037675e-01
   1.5980000e+03   2.7072211e-01
   1.5990000e+03   2.7102162e-01
   1.6000000e+03   2.7128137e-01
   1.6010000e+03   2.7150662e-01
   1.6020000e+03   2.7170196e-01
   1.6030000e+03   2.7187134e-01
   1.6040000e+03   2.6135074e-01
   1.6050000e+03   2.3387184e-01
   1.6060000e+03   1.9424880e-01
   1.6070000e+03   1.4585627e-01
   1.6080000e+03   9.1277944e-02
   1.6090000e+03   3.2615531e-02
   1.6100000e+03  -2.8366797e-02
   1.6110000e+03  -9.0177583e-02
   1.6120000e+03  -1.5156921e-01
   1.6130000e+03  -2.1152247e-01
   1.6140000e+03  -2.6923336e-01
   1.6150000e+03  -3.2409742e-01
   1.6160000e+03  -3.7569039e-01
   1.6170000e+03  -4.2374588e-01
   1.6180000e+03  -4.6813124e-01
   1.6190000e+03  -5.0882344e-01
   1.6200000e+03  -5.4588585e-01
   1.6210000e+03  -5.7944719e-01
   1.6220000e+03  -6.0968296e-01
   1.6230000e+03  -6.3679974e-01
   1.6240000e+03  -6.6102231e-01
   1.6250000e+03  -6.8258337e-01
   1.6260000e+03  -7.0171572e-01
   1.6270000e+03  -7.1864635e-01
   1.6280000e+03  -7.3359238e-01
   1.6290000e+03  -7.4675825e-01
   1.6300000e+03  -7.5833417e-01
   1.6310000e+03  -7.6849523e-01
   1.6320000e+03  -7.7740132e-01
   1.6330000e+03  -7.8519734e-01
   1.6340000e+03  -7.9201391e-01
   1.6350000e+03  -7.9796808e-01
   1.6360000e+03  -8.0316436e-01
   1.6370000e+03  -8.0769569e-01
   1.6380000e+03  -8.1164444e-01
   1.6390000e+03  -8.1508341e-01
   1.6400000e+03  -8.1807682e-01
   1.6410000e+03  -8.2068117e-01
   1.6420000e+03  -8.2294606e-01
   1.6430000e+03  -8.2491504e-01
   1.6440000e+03  -8.2662619e-01
   1.6450000e+03  -8.2811286e-01
   1.6460000e+03  -8.2940416e-01
   1.6470000e+03  -8.3052553e-01
   1.6480000e+03  -8.3149912e-01
   1.6490000e+03  -8.3234427e-01
   1.6500000e+03  -8.3307780e-01
   1.6510000e+03  -8.3371437e-01
   1.6520000e+03  -8.3426673e-01
   1.6530000e+03  -8.3474597e-01
   1.6540000e+03  -8.2716614e-01
   1.6550000e+03  -8.0750362e-01
   1.6560000e+03  -7.8057455e-01
   1.6570000e+03  -7.4986394e-01
   1.6580000e+03  -7.1779318e-01
   1.6590000e+03  -6.8597693e-01
   1.6600000e+03  -6.5544025e-01
   1.6610000e+03  -6.2678974e-01
   1.6620000e+03  -6.0034259e-01
   1.6630000e+03  -5.7622104e-01
   1.6640000e+03  -5.5441983e-01
   1.6650000e+03  -5.3485368e-01
   1.6660000e+03  -5.1738998e-01
   1.6670000e+03  -5.0187114e-01
   1.6680000e+03  -4.8812936e-01
   1.6690000e+03  -4.7599633e-01
   1.6700000e+03  -4.6530932e-01
   1.6710000e+03  -4.5591475e-01
   1.6720000e+03  -4.4767020e-01
   1.6730000e+03  -4.4044523e-01
   1.6740000e+03  -4.3412150e-01
   1.6750000e+03  -4.2859244e-01
   1.6760000e+03  -4.2376263e-01
   1.6770000e+03  -4.1954702e-01
   1.6780000e+03  -4.1587010e-01
   1.6790000e+03  -4.1266502e-01
   1.6800000e+03  -4.0987280e-01
   1.6810000e+03  -4.0744143e-01
   1.6820000e+03  -4.0532522e-01
   1.6830000e+03  -4.0348403e-01
   1.6840000e+03  -4.0188269e-01
   1.6850000e+03  -4.0049040e-01
   1.6860000e+03  -3.9928020e-01
   1.6870000e+03  -3.9822856e-01
   1.6880000e+03  -3.9731491e-01
   1.6890000e+03  -3.9652131e-01
   1.6900000e+03  -3.9583211e-01
   1.6910000e+03  -3.9523369e-01
   1.6920000e+03  -3.9471417e-01
   1.6930000e+03  -3.9426321e-01
   1.6940000e+03  -3.9387181e-01
   1.6950000e+03  -3.9353214e-01
   1.6960000e+03  -3.9323740e-01
   1.6970000e+03  -3.9298167e-01
   1.6980000e+03  -3.9275980e-01
   1.6990000e+03  -3.9256733e-01
   1.7000000e+03  -3.9240037e-01
   1.7010000e+03  -3.9225555e-01
   1.7020000e+03  -3.9212993e-01
   1.7030000e+03  -3.9202099e-01
   1.7040000e+03  -3.7030186e-01
   1.7050000e+03  -3.1714852e-01
   1.7060000e+03  -2.4729821e-01
   1.7070000e+03  -1.7118602e-01
   1.7080000e+03  -9.5474314e-02
   1.7090000e+03  -2.3998782e-02
   1.7100000e+03   4.1325628e-02
   1.7110000e+03   9.9795637e-02
   1.7120000e+03   1.5142077e-01
   1.7130000e+03   1.9659596e-01
   1.7140000e+03   2.3589785e-01
   1.7150000e+03   2.6996421e-01
   1.7160000e+03   2.9942648e-01
   1.7170000e+03   3.2487500e-01
   1.7180000e+03   3.4684360e-01
   1.7190000e+03   3.6580525e-01
   1.7200000e+03   3.8217361e-01
   1.7210000e+03   3.9630756e-01
   1.7220000e+03   4.0851692e-01
   1.7230000e+03   4.1906836e-01
   1.7240000e+03   4.2819107e-01
   1.7250000e+03   4.3608191e-01
   1.7260000e+03   4.4290997e-01
   1.7270000e+03   4.4882057e-01
   1.7280000e+03   4.5393866e-01
   1.7290000e+03   4.5837179e-01
   1.7300000e+03   4.6221257e-01
   1.7310000e+03   4.6554087e-01
   1.7320000e+03   4.6842557e-01
   1.7330000e+03   4.7092619e-01
   1.7340000e+03   4.7309410e-01
   1.7350000e+03   4.7497377e-01
   1.7360000e+03   4.7660364e-01
   1.7370000e+03   4.7801700e-01
   1.7380000e+03   4.7924265e-01
   1.7390000e+03   4.8030556e-01
   1.7400000e+03   4.8122735e-01
   1.7410000e+03   4.8202677e-01
   1.7420000e+03   4.8272007e-01
   1.7430000e+03   4.8332132e-01
   1.7440000e+03   4.8384276e-01
   1.7450000e+03   4.8429496e-01
   1.7460000e+03   4.8468712e-01
   1.7470000e+03   4.8502721e-01
   1.7480000e+03   4.8532212e-01
   1.7490000e+03   4.8557787e-01
   1.7500000e+03   4.8579964e-01
   1.7510000e+03   4.8599195e-01
   1.7520000e+03   4.8615870e-01
   1.7530000e+03   4.8630330e-01
   1.7540000e+03   4.7970105e-01
   1.7550000e+03   4.6244742e-01
   1.7560000e+03   4.3766828e-01
   1.7570000e+03   4.0757139e-01
   1.7580000e+03   3.7383820e-01
   1.7590000e+03   3.3781568e-01
   1.7600000e+03   3.0061046e-01
   1.7610000e+03   2.6313557e-01
   1.7620000e+03   2.2613542e-01
   1.7630000e+03   1.9020207e-01
   1.7640000e+03   1.5578923e-01
   1.7650000e+03   1.2322651e-01
   1.7660000e+03   9.2734741e-02
   1.7670000e+03   6.4441901e-02
   1.7680000e+03   3.8399157e-02
   1.7690000e+03   1.4596185e-02
   1.7700000e+03  -7.0247154e-03
   1.7710000e+03  -2.6556115e-02
   1.7720000e+03  -4.4114732e-02
   1.7730000e+03  -5.9832533e-02
   1.7740000e+03  -7.3849557e-02
   1.7750000e+03  -8.6308324e-02
   1.7760000e+03  -9.7349607e-02
   1.7770000e+03  -1.0710937e-01
   1.7780000e+03  -1.1571669e-01
   1.7790000e+03  -1.2329235e-01
   1.7800000e+03  -1.2994818e-01
   1.7810000e+03  -1.3578670e-01
   1.7820000e+03  -1.4090121e-01
   1.7830000e+03  -1.4537604e-01
   1.7840000e+03  -1.4928697e-01
   1.7850000e+03  -1.5270184e-01
   1.7860000e+03  -1.5568107e-01
   1.7870000e+03  -1.5827831e-01
   1.7880000e+03  -1.6054107e-01
   1.7890000e+03  -1.6251130e-01
   1.7900000e+03  -1.6422593e-01
   1.7910000e+03  -1.6571747e-01
   1.7920000e+03  -1.6701442e-01
   1.7930000e+03  -1.6814177e-01
   1.7940000e+03  -1.6912141e-01
   1.7950000e+03  -1.6997245e-01
   1.7960000e+03  -1.7071159e-01
   1.7970000e+03  -1.7135341e-01
   1.7980000e+03  -1.7191063e-01
   1.7990000e+03  -1.7239430e-01
   1.8000000e+03  -1.7281408e-01
   1.8010000e+03  -1.7317836e-01
   1.8020000e+03  -1.7349444e-01
   1.8030000e+03  -1.7376866e-01
   1.8040000e+03  -1.8333920e-01
   1.8050000e+03  -2.0742784e-01
   1.8060000e+03  -2.4131804e-01
   1.8070000e+03  -2.8161793e-01
   1.8080000e+03  -3.2579671e-01
   1.8090000e+03  -3.7192678e-01
   1.8100000e+03  -4.1853191e-01
   1.8110000e+03  -4.6449065e-01
   1.8120000e+03  -5.0896895e-01
   1.8130000e+03  -5.5136851e-01
   1.8140000e+03  -5.9128439e-01
   1.8150000e+03  -6.2846862e-01
   1.8160000e+03  -6.6279854e-01
   1.8170000e+03  -6.9424925e-01
   1.8180000e+03  -7.2286996e-01
   1.8190000e+03  -7.4876395e-01
   1.8200000e+03  -7.7207204e-01
   1.8210000e+03  -7.9295917e-01
   1.8220000e+03  -8.1160376e-01
   1.8230000e+03  -8.2818951e-01
   1.8240000e+03  -8.4289927e-01
   1.8250000e+03  -8.5591059e-01
   1.8260000e+03  -8.6739266e-01
   1.8270000e+03  -8.7750434e-01
   1.8280000e+03  -8.8639300e-01
   1.8290000e+03  -8.9419402e-01
   1.8300000e+03  -9.0103081e-01
   1.8310000e+03  -9.0701506e-01
   1.8320000e+03  -9.1224730e-01
   1.8330000e+03  -9.1681757e-01
   1.8340000e+03  -9.2080618e-01
   1.8350000e+03  -9.2428451e-01
   1.8360000e+03  -9.2731579e-01
   1.8370000e+03  -9.2995591e-01
   1.8380000e+03  -9.3225413e-01
   1.8390000e+03  -9.3425379e-01
   1.8400000e+03  -9.3599296e-01
   1.8410000e+03  -9.3750502e-01
   1.8420000e+03  -9.3881919e-01
   1.8430000e+03  -9.3996105e-01
   1.8440000e+03  -9.4095294e-01
   1.8450000e+03  -9.4181436e-01
   1.8460000e+03  -9.4256232e-01
   1.8470000e+03  -9.4321164e-01
   1.8480000e+03  -9.4377525e-01
   1.8490000e+03  -9.4426440e-01
   1.8500000e+03  -9.4468886e-01
   1.8510000e+03  -9.4505715e-01
   1.8520000e+03  -9.4537667e-01
   1.8530000e+03  -9.4565386e-01
   1.8540000e+03  -9.4275542e-01
   1.8550000e+03  -9.3506614e-01
   1.8560000e+03  -9.2441417e-01
   1.8570000e+03  -9.1212461e-01
   1.8580000e+03  -8.9913477e-01
   1.8590000e+03  -8.8608970e-01
   1.8600000e+03  -8.7341823e-01
   1.8610000e+03  -8.6139181e-01
   1.8620000e+03  -8.5016910e-01
   1.8630000e+03  -8.3982934e-01
   1.8640000e+03  -8.3039694e-01
   1.8650000e+03  -8.2185947e-01
   1.8660000e+03  -8.1418066e-01
   1.8670000e+03  -8.0730966e-01
   1.8680000e+03  -8.0118766e-01
   1.8690000e+03  -7.9575243e-01
   1.8700000e+03  -7.9094139e-01
   1.8710000e+03  -7.8669374e-01
   1.8720000e+03  -7.8295169e-01
   1.8730000e+03  -7.7966126e-01
   1.8740000e+03  -7.7677266e-01
   1.8750000e+03  -7.7424043e-01
   1.8760000e+03  -7.7202334e-01
   1.8770000e+03  -7.7008429e-01
   1.8780000e+03  -7.6839003e-01
   1.8790000e+03  -7.6691091e-01
   1.8800000e+03  -7.6562058e-01
   1.8810000e+03  -7.6449568e-01
   1.8820000e+03  -7.6351559e-01
   1.8830000e+03  -7.6266211e-01
   1.8840000e+03  -7.6191923e-01
   1.8850000e+03  -7.6127289e-01
   1.8860000e+03  -7.6071075e-01
   1.8870000e+03  -7.6022201e-01
   1.8880000e+03  -7.5979721e-01
   1.8890000e+03  -7.5942809e-01
   1.8900000e+03  -7.5910741e-01
   1.8910000e+03  -7.5882890e-01
   1.8920000e+03  -7.5858704e-01
   1.8930000e+03  -7.5837705e-01
   1.8940000e+03  -7.5819476e-01
   1.8950000e+03  -7.5803654e-01
   1.8960000e+03  -7.5789923e-01
   1.8970000e+03  -7.5778008e-01
   1.8980000e+03  -7.5767669e-01
   1.8990000e+03  -7.5758699e-01
   1.9000000e+03  -7.5750917e-01
   1.9010000e+03  -7.5744167e-01
   1.9020000e+03  -7.5738312e-01
   1.9030000e+03  -7.5733233e-01
   1.9040000e+03  -7.2344370e-01
   1.9050000e+03  -6.4088965e-01
   1.9060000e+03  -5.3358073e-01
   1.9070000e+03  -4.1827575e-01
   1.9080000e+03  -3.0534943e-01
   1.9090000e+03  -2.0045071e-01
   1.9100000e+03  -1.0610888e-01
   1.9110000e+03  -2.2969127e-02
   1.9120000e+03   4.9364273e-02
   1.9130000e+03   1.1179646e-01
   1.9140000e+03   1.6542776e-01
   1.9150000e+03   2.1137967e-01
   1.9160000e+03   2.5070634e-01
   1.9170000e+03   2.8435579e-01
   1.9180000e+03   3.1315883e-01
   1.9190000e+03   3.3783218e-01
   1.9200000e+03   3.5898836e-01
   1.9210000e+03   3.7714803e-01
   1.9220000e+03   3.9275252e-01
   1.9230000e+03   4.0617555e-01
   1.9240000e+03   4.1773366e-01
   1.9250000e+03   4.2769518e-01
   1.9260000e+03   4.3628791e-01
   1.9270000e+03   4.4370555e-01
   1.9280000e+03   4.5011311e-01
   1.9290000e+03   4.5565141e-01
   1.9300000e+03   4.6044085e-01
   1.9310000e+03   4.6458455e-01
   1.9320000e+03   4.6817094e-01
   1.9330000e+03   4.7127601e-01
   1.9340000e+03   4.7396509e-01
   1.9350000e+03   4.7629447e-01
   1.9360000e+03   4.7831266e-01
   1.9370000e+03   4.8006151e-01
   1.9380000e+03   4.8157718e-01
   1.9390000e+03   4.8289090e-01
   1.9400000e+03   4.8402968e-01
   1.9410000e+03   4.8501688e-01
   1.9420000e+03   4.8587274e-01
   1.9430000e+03   4.8661475e-01
   1.9440000e+03   4.8725808e-01
   1.9450000e+03   4.8781588e-01
   1.9460000e+03   4.8829951e-01
   1.9470000e+03   4.8871884e-01
   1.9480000e+03   4.8908243e-01
   1.9490000e+03   4.8939769e-01
   1.9500000e+03   4.8967103e-01
   1.9510000e+03   4.8990804e-01
   1.9520000e+03   4.9011354e-01
   1.9530000e+03   4.9029171e-01
   1.9540000e+03   4.7996117e-01
   1.9550000e+03   4.5268346e-01
   1.9560000e+03   4.1265380e-01
   1.9570000e+03   3.6268555e-01
   1.9580000e+03   3.0495564e-01
   1.9590000e+03   2.4134017e-01
   1.9600000e+03   1.7355224e-01
   1.9610000e+03   1.0318174e-01
   1.9620000e+03   3.1689281e-02
   1.9630000e+03  -3.9616738e-02
   1.9640000e+03  -1.0960364e-01
   1.9650000e+03  -1.7733039e-01
   1.9660000e+03  -2.4205284e-01
   1.9670000e+03  -3.0321835e-01
   1.9680000e+03  -3.6045178e-01
   1.9690000e+03  -4.1353536e-01
   1.9700000e+03  -4.6238526e-01
   1.9710000e+03  -5.0702703e-01
   1.9720000e+03  -5.4757181e-01
   1.9730000e+03  -5.8419444e-01
   1.9740000e+03  -6.1711431e-01
   1.9750000e+03  -6.4657917e-01
   1.9760000e+03  -6.7285186e-01
   1.9770000e+03  -6.9619996e-01
   1.9780000e+03  -7.1688784e-01
   1.9790000e+03  -7.3517092e-01
   1.9800000e+03  -7.5129170e-01
   1.9810000e+03  -7.6547719e-01
   1.9820000e+03  -7.7793749e-01
   1.9830000e+03  -7.8886527e-01
   1.9840000e+03  -7.9843579e-01
   1.9850000e+03  -8.0680743e-01
   1.9860000e+03  -8.1412254e-01
   1.9870000e+03  -8.2050845e-01
   1.9880000e+03  -8.2607855e-01
   1.9890000e+03  -8.3093354e-01
   1.9900000e+03  -8.3516249e-01
   1.9910000e+03  -8.3884406e-01
   1.9920000e+03  -8.4204749e-01
   1.9930000e+03  -8.4483366e-01
   1.9940000e+03  -8.4725599e-01
   1.9950000e+03  -8.4936127e-01
   1.9960000e+03  -8.5119045e-01
   1.9970000e+03  -8.5277932e-01
   1.9980000e+03  -8.5415913e-01
   1.9990000e+03  -8.5535714e-01
   2.0000000e+03  -8.5639712e-01
