  -2.2052233e-01   0.0000000e+00
  -2.2052233e-01   0.0000000e+00
  -2.2052233e-01   0.0000000e+00
  -2.2052233e-01  -7.9465901e-03
  -2.2052233e-01  -2.8276888e-02
  -2.2052233e-01  -5.6967320e-02
  -2.2052233e-01  -9.1125762e-02
  -2.2052233e-01  -1.2859530e-01
  -2.2052233e-01  -1.6773384e-01
  -2.2052233e-01  -2.0728423e-01
  -2.2052233e-01  -2.4629173e-01
  -2.2052233e-01  -2.8404640e-01
  -2.2052233e-01  -3.2003902e-01
  -2.2052233e-01  -3.5392490e-01
  -2.2052233e-01  -3.8549291e-01
  -2.2052233e-01  -4.1463848e-01
  -2.2052233e-01  -4.4134018e-01
  -2.2052233e-01  -4.6563958e-01
  -2.2052233e-01  -4.8762422e-01
  -2.2052233e-01  -5.0741357e-01
  -2.2052233e-01  -5.2514760e-01
  -2.2052233e-01  -5.4097772e-01
  -2.2052233e-01  -5.5505987e-01
  -2.2052233e-01  -5.6754928e-01
  -2.2052233e-01  -5.7859668e-01
  -2.2052233e-01  -5.8834569e-01
  -2.2052233e-01  -5.9693118e-01
  -2.2052233e-01  -6.0447827e-01
  -2.2052233e-01  -6.1110191e-01
  -2.2052233e-01  -6.1690686e-01
  -2.2052233e-01  -6.2198795e-01
  -2.2052233e-01  -6.2643054e-01
  -2.2052233e-01  -6.3031107e-01
  -2.2052233e-01  -6.3369774e-01
  -2.2052233e-01  -6.3665114e-01
  -2.2052233e-01  -6.3922496e-01
  -2.2052233e-01  -6.4146666e-01
  -2.2052233e-01  -6.4341806e-01
  -2.2052233e-01  -6.4511595e-01
  -2.2052233e-01  -6.4659267e-01
  -2.2052233e-01  -6.4787655e-01
  -2.2052233e-01  -6.4899241e-01
  -2.2052233e-01  -6.4996195e-01
  -2.2052233e-01  -6.5080416e-01
  -2.2052233e-01  -6.5153559e-01
  -2.2052233e-01  -6.5217068e-01
  -2.2052233e-01  -6.5272202e-01
  -2.2052233e-01  -6.5320058e-01
  -2.2052233e-01  -6.5361592e-01
  -2.2052233e-01  -6.5397633e-01
  -1.9217571e-01  -6.5428904e-01
  -1.9217571e-01  -6.5456035e-01
  -1.9217571e-01  -6.5479571e-01
  -1.9217571e-01  -6.5354434e-01
  -1.9217571e-01  -6.5005440e-01
  -1.9217571e-01  -6.4516711e-01
  -1.9217571e-01  -6.3949262e-01
  -1.9217571e-01  -6.3346475e-01
  -1.9217571e-01  -6.2738471e-01
  -1.9217571e-01  -6.2145536e-01
  -1.9217571e-01  -6.1580742e-01
  -1.9217571e-01  -6.1051943e-01
  -1.9217571e-01  -6.0563274e-01
  -1.9217571e-01  -6.0116265e-01
  -1.9217571e-01  -5.9710667e-01
  -1.9217571e-01  -5.9345051e-01
  -1.9217571e-01  -5.9017246e-01
  -1.9217571e-01  -5.8724657e-01
  -1.9217571e-01  -5.8464481e-01
  -1.9217571e-01  -5.8233862e-01
  -1.9217571e-01  -5.8029996e-01
  -1.9217571e-01  -5.7850201e-01
  -1.9217571e-01  -5.7691954e-01
  -1.9217571e-01  -5.7552914e-01
  -1.9217571e-01  -5.7430936e-01
  -1.9217571e-01  -5.7324070e-01
  -1.9217571e-01  -5.7230551e-01
  -1.9217571e-01  -5.7148798e-01
  -1.9217571e-01  -5.7077395e-01
  -1.9217571e-01  -5.7015082e-01
  -1.9217571e-01  -5.6960740e-01
  -1.9217571e-01  -5.6913379e-01
  -1.9217571e-01  -5.6872126e-01
  -1.9217571e-01  -5.6836210e-01
  -1.9217571e-01  -5.6804957e-01
  -1.9217571e-01  -5.6777770e-01
  -1.9217571e-01  -5.6754129e-01
  -1.9217571e-01  -5.6733579e-01
  -1.9217571e-01  -5.6715720e-01
  -1.9217571e-01  -5.6700203e-01
  -1.9217571e-01  -5.6686726e-01
  -1.9217571e-01  -5.6675021e-01
  -1.9217571e-01  -5.6664858e-01
  -1.9217571e-01  -5.6656035e-01
  -1.9217571e-01  -5.6648377e-01
  -1.9217571e-01  -5.6641731e-01
  -1.9217571e-01  -5.6635963e-01
  -1.9217571e-01  -5.6630958e-01
  -1.9217571e-01  -5.6626616e-01
  -1.9217571e-01  -5.6622849e-01
  -7.3605341e-01  -5.6619581e-01
  -7.3605341e-01  -5.6616746e-01
  -7.3605341e-01  -5.6614287e-01
  -7.3605341e-01  -5.7943601e-01
  -7.3605341e-01  -6.1351336e-01
  -7.3605341e-01  -6.6169277e-01
  -7.3605341e-01  -7.1917750e-01
  -7.3605341e-01  -7.8238091e-01
  -7.3605341e-01  -8.4855704e-01
  -7.3605341e-01  -9.1558739e-01
  -7.3605341e-01  -9.8184807e-01
  -7.3605341e-01  -1.0461186e+00
  -7.3605341e-01  -1.1075124e+00
  -7.3605341e-01  -1.1654194e+00
  -7.3605341e-01  -1.2194564e+00
  -7.3605341e-01  -1.2694229e+00
  -7.3605341e-01  -1.3152628e+00
  -7.3605341e-01  -1.3570299e+00
  -7.3605341e-01  -1.3948599e+00
  -7.3605341e-01  -1.4289457e+00
  -7.3605341e-01  -1.4595178e+00
  -7.3605341e-01  -1.4868286e+00
  -7.3605341e-01  -1.5111402e+00
  -7.3605341e-01  -1.5327149e+00
  -7.3605341e-01  -1.5518086e+00
  -7.3605341e-01  -1.5686659e+00
  -7.3605341e-01  -1.5835174e+00
  -7.3605341e-01  -1.5965771e+00
  -7.3605341e-01  -1.6080424e+00
  -7.3605341e-01  -1.6180933e+00
  -7.3605341e-01  -1.6268930e+00
  -7.3605341e-01  -1.6345884e+00
  -7.3605341e-01  -1.6413114e+00
  -7.3605341e-01  -1.6471797e+00
  -7.3605341e-01  -1.6522980e+00
  -7.3605341e-01  -1.6567590e+00
  -7.3605341e-01  -1.6606447e+00
  -7.3605341e-01  -1.6640275e+00
  -7.3605341e-01  -1.6669711e+00
  -7.3605341e-01  -1.6695315e+00
  -7.3605341e-01  -1.6717576e+00
  -7.3605341e-01  -1.6736924e+00
  -7.3605341e-01  -1.6753737e+00
  -7.3605341e-01  -1.6768342e+00
  -7.3605341e-01  -1.6781026e+00
  -7.3605341e-01  -1.6792040e+00
  -7.3605341e-01  -1.6801602e+00
  -7.3605341e-01  -1.6809902e+00
  -7.3605341e-01  -1.6817105e+00
  -7.3605341e-01  -1.6823356e+00
   9.1226908e-01  -1.6828779e+00
   9.1226908e-01  -1.6833485e+00
   9.1226908e-01  -1.6837567e+00
   9.1226908e-01  -1.6007641e+00
   9.1226908e-01  -1.4020835e+00
   9.1226908e-01  -1.1527876e+00
   9.1226908e-01  -8.9665737e-01
   9.1226908e-01  -6.5799578e-01
   9.1226908e-01  -4.4746127e-01
   9.1226908e-01  -2.6759818e-01
   9.1226908e-01  -1.1677395e-01
   9.1226908e-01   8.4140501e-03
   9.1226908e-01   1.1182453e-01
   9.1226908e-01   1.9713347e-01
   9.1226908e-01   2.6757407e-01
   9.1226908e-01   3.2587178e-01
   9.1226908e-01   3.7427009e-01
   9.1226908e-01   4.1459178e-01
   9.1226908e-01   4.4830822e-01
   9.1226908e-01   4.7660434e-01
   9.1226908e-01   5.0043484e-01
   9.1226908e-01   5.2057065e-01
   9.1226908e-01   5.3763649e-01
   9.1226908e-01   5.5214065e-01
   9.1226908e-01   5.6449868e-01
   9.1226908e-01   5.7505185e-01
   9.1226908e-01   5.8408186e-01
   9.1226908e-01   5.9182226e-01
   9.1226908e-01   5.9846761e-01
   9.1226908e-01   6.0418065e-01
   9.1226908e-01   6.0909807e-01
   9.1226908e-01   6.1333509e-01
   9.1226908e-01   6.1698915e-01
   9.1226908e-01   6.2014293e-01
   9.1226908e-01   6.2286676e-01
   9.1226908e-01   6.2522062e-01
   9.1226908e-01   6.2725578e-01
   9.1226908e-01   6.2901615e-01
   9.1226908e-01   6.3053938e-01
   9.1226908e-01   6.3185783e-01
   9.1226908e-01   6.3299932e-01
   9.1226908e-01   6.3398784e-01
   9.1226908e-01   6.3484404e-01
   9.1226908e-01   6.3558576e-01
   9.1226908e-01   6.3622838e-01
   9.1226908e-01   6.3678522e-01
   9.1226908e-01   6.3726776e-01
   9.1226908e-01   6.3768595e-01
   9.1226908e-01   6.3804840e-01
   9.1226908e-01   6.3836256e-01
  -8.8044091e-01   6.3863486e-01
  -8.8044091e-01   6.3887090e-01
  -8.8044091e-01   6.3907551e-01
  -8.8044091e-01   6.2751559e-01
  -8.8044091e-01   5.9635034e-01
  -8.8044091e-01   5.4898668e-01
  -8.8044091e-01   4.8722534e-01
  -8.8044091e-01   4.1234650e-01
  -8.8044091e-01   3.2561585e-01
  -8.8044091e-01   2.2850683e-01
  -8.8044091e-01   1.2276207e-01
  -8.8044091e-01   1.0357981e-02
  -8.8044091e-01  -1.0658559e-01
  -8.8044091e-01  -2.2591890e-01
  -8.8044091e-01  -3.4557511e-01
  -8.8044091e-01  -4.6366627e-01
  -8.8044091e-01  -5.7855332e-01
  -8.8044091e-01  -6.8888749e-01
  -8.8044091e-01  -7.9362498e-01
  -8.8044091e-01  -8.9201946e-01
  -8.8044091e-01  -9.8359849e-01
  -8.8044091e-01  -1.0681295e+00
  -8.8044091e-01  -1.1455807e+00
  -8.8044091e-01  -1.2160813e+00
  -8.8044091e-01  -1.2798832e+00
  -8.8044091e-01  -1.3373266e+00
  -8.8044091e-01  -1.3888107e+00
  -8.8044091e-01  -1.4347690e+00
  -8.8044091e-01  -1.4756496e+00
  -8.8044091e-01  -1.5119003e+00
  -8.8044091e-01  -1.5439575e+00
  -8.8044091e-01  -1.5722379e+00
  -8.8044091e-01  -1.5971334e+00
  -8.8044091e-01  -1.6190085e+00
  -8.8044091e-01  -1.6381980e+00
  -8.8044091e-01  -1.6550074e+00
  -8.8044091e-01  -1.6697133e+00
  -8.8044091e-01  -1.6825647e+00
  -8.8044091e-01  -1.6937844e+00
  -8.8044091e-01  -1.7035713e+00
  -8.8044091e-01  -1.7121019e+00
  -8.8044091e-01  -1.7195325e+00
  -8.8044091e-01  -1.7260013e+00
  -8.8044091e-01  -1.7316299e+00
  -8.8044091e-01  -1.7365252e+00
  -8.8044091e-01  -1.7407811e+00
  -8.8044091e-01  -1.7444798e+00
  -8.8044091e-01  -1.7476933e+00
  -8.8044091e-01  -1.7504846e+00
  -8.8044091e-01  -1.7529084e+00
  -2.9368286e-01  -1.7550129e+00
  -2.9368286e-01  -1.7568396e+00
  -2.9368286e-01  -1.7584250e+00
  -2.9368286e-01  -1.7431628e+00
  -2.9368286e-01  -1.7027996e+00
  -2.9368286e-01  -1.6475621e+00
  -2.9368286e-01  -1.5848451e+00
  -2.9368286e-01  -1.5197335e+00
  -2.9368286e-01  -1.4555556e+00
  -2.9368286e-01  -1.3943661e+00
  -2.9368286e-01  -1.3373291e+00
  -2.9368286e-01  -1.2850058e+00
  -2.9368286e-01  -1.2375621e+00
  -2.9368286e-01  -1.1949141e+00
  -2.9368286e-01  -1.1568281e+00
  -2.9368286e-01  -1.1229878e+00
  -2.9368286e-01  -1.0930385e+00
  -2.9368286e-01  -1.0666155e+00
  -2.9368286e-01  -1.0433620e+00
  -2.9368286e-01  -1.0229394e+00
  -2.9368286e-01  -1.0050328e+00
  -2.9368286e-01  -9.8935410e-01
  -2.9368286e-01  -9.7564197e-01
  -2.9368286e-01  -9.6366155e-01
  -2.9368286e-01  -9.5320295e-01
  -2.9368286e-01  -9.4407951e-01
  -2.9368286e-01  -9.3612582e-01
  -2.9368286e-01  -9.2919576e-01
  -2.9368286e-01  -9.2316055e-01
  -2.9368286e-01  -9.1790694e-01
  -2.9368286e-01  -9.1333548e-01
  -2.9368286e-01  -9.0935900e-01
  -2.9368286e-01  -9.0590114e-01
  -2.9368286e-01  -9.0289512e-01
  -2.9368286e-01  -9.0028257e-01
  -2.9368286e-01  -8.9801251e-01
  -2.9368286e-01  -8.9604046e-01
  -2.9368286e-01  -8.9432762e-01
  -2.9368286e-01  -8.9284019e-01
  -2.9368286e-01  -8.9154871e-01
  -2.9368286e-01  -8.9042752e-01
  -2.9368286e-01  -8.8945430e-01
  -2.9368286e-01  -8.8860962e-01
  -2.9368286e-01  -8.8787659e-01
  -2.9368286e-01  -8.8724050e-01
  -2.9368286e-01  -8.8668860e-01
  -2.9368286e-01  -8.8620978e-01
  -2.9368286e-01  -8.8579438e-01
  -2.9368286e-01  -8.8543405e-01
  -2.9368286e-01  -8.8512149e-01
  -9.6919312e-01  -8.8485038e-01
  -9.6919312e-01  -8.8461525e-01
  -9.6919312e-01  -8.8441133e-01
  -9.6919312e-01  -8.9598269e-01
  -9.6919312e-01  -9.2579216e-01
  -9.6919312e-01  -9.6772335e-01
  -9.6919312e-01  -1.0173662e+00
  -9.6919312e-01  -1.0714603e+00
  -9.6919312e-01  -1.1275668e+00
  -9.6919312e-01  -1.1838635e+00
  -9.6919312e-01  -1.2390064e+00
  -9.6919312e-01  -1.2920303e+00
  -9.6919312e-01  -1.3422712e+00
  -9.6919312e-01  -1.3893051e+00
  -9.6919312e-01  -1.4328962e+00
  -9.6919312e-01  -1.4729541e+00
  -9.6919312e-01  -1.5094987e+00
  -9.6919312e-01  -1.5426297e+00
  -9.6919312e-01  -1.5725036e+00
  -9.6919312e-01  -1.5993138e+00
  -9.6919312e-01  -1.6232755e+00
  -9.6919312e-01  -1.6446144e+00
  -9.6919312e-01  -1.6635577e+00
  -9.6919312e-01  -1.6803277e+00
  -9.6919312e-01  -1.6951376e+00
  -9.6919312e-01  -1.7081886e+00
  -9.6919312e-01  -1.7196677e+00
  -9.6919312e-01  -1.7297476e+00
  -9.6919312e-01  -1.7385858e+00
  -9.6919312e-01  -1.7463251e+00
  -9.6919312e-01  -1.7530946e+00
  -9.6919312e-01  -1.7590096e+00
  -9.6919312e-01  -1.7641735e+00
  -9.6919312e-01  -1.7686780e+00
  -9.6919312e-01  -1.7726046e+00
  -9.6919312e-01  -1.7760254e+00
  -9.6919312e-01  -1.7790038e+00
  -9.6919312e-01  -1.7815957e+00
  -9.6919312e-01  -1.7838505e+00
  -9.6919312e-01  -1.7858111e+00
  -9.6919312e-01  -1.7875153e+00
  -9.6919312e-01  -1.7889964e+00
  -9.6919312e-01  -1.7902830e+00
  -9.6919312e-01  -1.7914005e+00
  -9.6919312e-01  -1.7923710e+00
  -9.6919312e-01  -1.7932135e+00
  -9.6919312e-01  -1.7939449e+00
  -9.6919312e-01  -1.7945797e+00
  -9.6919312e-01  -1.7951306e+00
  -9.6919312e-01  -1.7956086e+00
  -6.6201994e-01  -1.7960233e+00
  -6.6201994e-01  -1.7963831e+00
  -6.6201994e-01  -1.7966953e+00
  -6.6201994e-01  -1.7940756e+00
  -6.6201994e-01  -1.7870305e+00
  -6.6201994e-01  -1.7772318e+00
  -6.6201994e-01  -1.7658914e+00
  -6.6201994e-01  -1.7538700e+00
  -6.6201994e-01  -1.7417636e+00
  -6.6201994e-01  -1.7299723e+00
  -6.6201994e-01  -1.7187529e+00
  -6.6201994e-01  -1.7082583e+00
  -6.6201994e-01  -1.6985682e+00
  -6.6201994e-01  -1.6897106e+00
  -6.6201994e-01  -1.6816788e+00
  -6.6201994e-01  -1.6744428e+00
  -6.6201994e-01  -1.6679584e+00
  -6.6201994e-01  -1.6621732e+00
  -6.6201994e-01  -1.6570308e+00
  -6.6201994e-01  -1.6524743e+00
  -6.6201994e-01  -1.6484476e+00
  -6.6201994e-01  -1.6448972e+00
  -6.6201994e-01  -1.6417731e+00
  -6.6201994e-01  -1.6390287e+00
  -6.6201994e-01  -1.6366216e+00
  -6.6201994e-01  -1.6345130e+00
  -6.6201994e-01  -1.6326680e+00
  -6.6201994e-01  -1.6310553e+00
  -6.6201994e-01  -1.6296470e+00
  -6.6201994e-01  -1.6284180e+00
  -6.6201994e-01  -1.6273464e+00
  -6.6201994e-01  -1.6264125e+00
  -6.6201994e-01  -1.6255990e+00
  -6.6201994e-01  -1.6248909e+00
  -6.6201994e-01  -1.6242747e+00
  -6.6201994e-01  -1.6237387e+00
  -6.6201994e-01  -1.6232727e+00
  -6.6201994e-01  -1.6228675e+00
  -6.6201994e-01  -1.6225155e+00
  -6.6201994e-01  -1.6222096e+00
  -6.6201994e-01  -1.6219440e+00
  -6.6201994e-01  -1.6217132e+00
  -6.6201994e-01  -1.6215129e+00
  -6.6201994e-01  -1.6213390e+00
  -6.6201994e-01  -1.6211881e+00
  -6.6201994e-01  -1.6210570e+00
  -6.6201994e-01  -1.6209434e+00
  -6.6201994e-01  -1.6208447e+00
  -6.6201994e-01  -1.6207591e+00
  -6.6201994e-01  -1.6206849e+00
   4.6344477e-01  -1.6206205e+00
   4.6344477e-01  -1.6205646e+00
   4.6344477e-01  -1.6205161e+00
   4.6344477e-01  -1.5473602e+00
   4.6344477e-01  -1.3718048e+00
   4.6344477e-01  -1.1495414e+00
   4.6344477e-01  -9.1848028e-01
   4.6344477e-01  -7.0031736e-01
   4.6344477e-01  -5.0520201e-01
   4.6344477e-01  -3.3621228e-01
   4.6344477e-01  -1.9261404e-01
   4.6344477e-01  -7.1915726e-02
   4.6344477e-01   2.8963109e-02
   4.6344477e-01   1.1308928e-01
   4.6344477e-01   1.8324362e-01
   4.6344477e-01   2.4182735e-01
   4.6344477e-01   2.9085763e-01
   4.6344477e-01   3.3200271e-01
   4.6344477e-01   3.6663071e-01
   4.6344477e-01   3.9585933e-01
   4.6344477e-01   4.2060087e-01
   4.6344477e-01   4.4160083e-01
   4.6344477e-01   4.5946987e-01
   4.6344477e-01   4.7470986e-01
   4.6344477e-01   4.8773478e-01
   4.6344477e-01   4.9888746e-01
   4.6344477e-01   5.0845299e-01
   4.6344477e-01   5.1666940e-01
   4.6344477e-01   5.2373617e-01
   4.6344477e-01   5.2982109e-01
   4.6344477e-01   5.3506582e-01
   4.6344477e-01   5.3959029e-01
   4.6344477e-01   5.4349633e-01
   4.6344477e-01   5.4687066e-01
   4.6344477e-01   5.4978729e-01
   4.6344477e-01   5.5230951e-01
   4.6344477e-01   5.5449154e-01
   4.6344477e-01   5.5637993e-01
   4.6344477e-01   5.5801468e-01
   4.6344477e-01   5.5943021e-01
   4.6344477e-01   5.6065619e-01
   4.6344477e-01   5.6171817e-01
   4.6344477e-01   5.6263825e-01
   4.6344477e-01   5.6343548e-01
   4.6344477e-01   5.6412633e-01
   4.6344477e-01   5.6472506e-01
   4.6344477e-01   5.6524398e-01
   4.6344477e-01   5.6569375e-01
   4.6344477e-01   5.6608362e-01
   4.6344477e-01   5.6642158e-01
  -9.8152587e-02   5.6671453e-01
  -9.8152587e-02   5.6696849e-01
  -9.8152587e-02   5.6718865e-01
  -9.8152587e-02   5.5997989e-01
  -9.8152587e-02   5.4091963e-01
  -9.8152587e-02   5.1319770e-01
  -9.8152587e-02   4.7901554e-01
  -9.8152587e-02   4.4006816e-01
  -9.8152587e-02   3.9776688e-01
  -9.8152587e-02   3.5333678e-01
  -9.8152587e-02   3.0785346e-01
  -9.8152587e-02   2.6225237e-01
  -9.8152587e-02   2.1732836e-01
  -9.8152587e-02   1.7373465e-01
  -9.8152587e-02   1.3198532e-01
  -9.8152587e-02   9.2462487e-02
  -9.8152587e-02   5.5427766e-02
  -9.8152587e-02   2.1036844e-02
  -9.8152587e-02  -1.0644349e-02
  -9.8152587e-02  -3.9623073e-02
  -9.8152587e-02  -6.5963896e-02
  -9.8152587e-02  -8.9774200e-02
  -9.8152587e-02  -1.1119149e-01
  -9.8152587e-02  -1.3037267e-01
  -9.8152587e-02  -1.4748534e-01
  -9.8152587e-02  -1.6270083e-01
  -9.8152587e-02  -1.7618902e-01
  -9.8152587e-02  -1.8811444e-01
  -9.8152587e-02  -1.9863361e-01
  -9.8152587e-02  -2.0789332e-01
  -9.8152587e-02  -2.1602960e-01
  -9.8152587e-02  -2.2316735e-01
  -9.8152587e-02  -2.2942032e-01
  -9.8152587e-02  -2.3489140e-01
  -9.8152587e-02  -2.3967314e-01
  -9.8152587e-02  -2.4384838e-01
  -9.8152587e-02  -2.4749095e-01
  -9.8152587e-02  -2.5066643e-01
  -9.8152587e-02  -2.5343291e-01
  -9.8152587e-02  -2.5584166e-01
  -9.8152587e-02  -2.5793787e-01
  -9.8152587e-02  -2.5976127e-01
  -9.8152587e-02  -2.6134673e-01
  -9.8152587e-02  -2.6272483e-01
  -9.8152587e-02  -2.6392230e-01
  -9.8152587e-02  -2.6496255e-01
  -9.8152587e-02  -2.6586599e-01
  -9.8152587e-02  -2.6665046e-01
  -9.8152587e-02  -2.6733148e-01
  -9.8152587e-02  -2.6792261e-01
  -4.0735839e-01  -2.6843564e-01
  -4.0735839e-01  -2.6888082e-01
  -4.0735839e-01  -2.6926708e-01
  -4.0735839e-01  -2.8049303e-01
  -4.0735839e-01  -3.0868620e-01
  -4.0735839e-01  -3.4840092e-01
  -4.0735839e-01  -3.9572612e-01
  -4.0735839e-01  -4.4773441e-01
  -4.0735839e-01  -5.0218155e-01
  -4.0735839e-01  -5.5733344e-01
  -4.0735839e-01  -6.1185869e-01
  -4.0735839e-01  -6.6475497e-01
  -4.0735839e-01  -7.1529284e-01
  -4.0735839e-01  -7.6296935e-01
  -4.0735839e-01  -8.0746761e-01
  -4.0735839e-01  -8.4862102e-01
  -4.0735839e-01  -8.8638158e-01
  -4.0735839e-01  -9.2079225e-01
  -4.0735839e-01  -9.5196333e-01
  -4.0735839e-01  -9.8005257e-01
  -4.0735839e-01  -1.0052489e+00
  -4.0735839e-01  -1.0277596e+00
  -4.0735839e-01  -1.0477998e+00
  -4.0735839e-01  -1.0655852e+00
  -4.0735839e-01  -1.0813264e+00
  -4.0735839e-01  -1.0952247e+00
  -4.0735839e-01  -1.1074698e+00
  -4.0735839e-01  -1.1182381e+00
  -4.0735839e-01  -1.1276921e+00
  -4.0735839e-01  -1.1359800e+00
  -4.0735839e-01  -1.1432364e+00
  -4.0735839e-01  -1.1495823e+00
  -4.0735839e-01  -1.1551265e+00
  -4.0735839e-01  -1.1599660e+00
  -4.0735839e-01  -1.1641869e+00
  -4.0735839e-01  -1.1678659e+00
  -4.0735839e-01  -1.1710704e+00
  -4.0735839e-01  -1.1738603e+00
  -4.0735839e-01  -1.1762880e+00
  -4.0735839e-01  -1.1783995e+00
  -4.0735839e-01  -1.1802355e+00
  -4.0735839e-01  -1.1818312e+00
  -4.0735839e-01  -1.1832178e+00
  -4.0735839e-01  -1.1844223e+00
  -4.0735839e-01  -1.1854685e+00
  -4.0735839e-01  -1.1863768e+00
  -4.0735839e-01  -1.1871654e+00
  -4.0735839e-01  -1.1878500e+00
  -4.0735839e-01  -1.1884441e+00
  -4.0735839e-01  -1.1889596e+00
  -6.2208997e-01  -1.1894069e+00
  -6.2208997e-01  -1.1897950e+00
  -6.2208997e-01  -1.1901317e+00
  -6.2208997e-01  -1.1959648e+00
  -6.2208997e-01  -1.2102623e+00
  -6.2208997e-01  -1.2299864e+00
  -6.2208997e-01  -1.2529372e+00
  -6.2208997e-01  -1.2775206e+00
  -6.2208997e-01  -1.3025898e+00
  -6.2208997e-01  -1.3273331e+00
  -6.2208997e-01  -1.3511916e+00
  -6.2208997e-01  -1.3737972e+00
  -6.2208997e-01  -1.3949250e+00
  -6.2208997e-01  -1.4144569e+00
  -6.2208997e-01  -1.4323528e+00
  -6.2208997e-01  -1.4486286e+00
  -6.2208997e-01  -1.4633389e+00
  -6.2208997e-01  -1.4765642e+00
  -6.2208997e-01  -1.4884008e+00
  -6.2208997e-01  -1.4989534e+00
  -6.2208997e-01  -1.5083296e+00
  -6.2208997e-01  -1.5166364e+00
  -6.2208997e-01  -1.5239769e+00
  -6.2208997e-01  -1.5304492e+00
  -6.2208997e-01  -1.5361448e+00
  -6.2208997e-01  -1.5411485e+00
  -6.2208997e-01  -1.5455375e+00
  -6.2208997e-01  -1.5493824e+00
  -6.2208997e-01  -1.5527466e+00
  -6.2208997e-01  -1.5556872e+00
  -6.2208997e-01  -1.5582552e+00
  -6.2208997e-01  -1.5604960e+00
  -6.2208997e-01  -1.5624499e+00
  -6.2208997e-01  -1.5641525e+00
  -6.2208997e-01  -1.5656353e+00
  -6.2208997e-01  -1.5669260e+00
  -6.2208997e-01  -1.5680491e+00
  -6.2208997e-01  -1.5690258e+00
  -6.2208997e-01  -1.5698750e+00
  -6.2208997e-01  -1.5706131e+00
  -6.2208997e-01  -1.5712545e+00
  -6.2208997e-01  -1.5718116e+00
  -6.2208997e-01  -1.5722955e+00
  -6.2208997e-01  -1.5727157e+00
  -6.2208997e-01  -1.5730805e+00
  -6.2208997e-01  -1.5733971e+00
  -6.2208997e-01  -1.5736719e+00
  -6.2208997e-01  -1.5739104e+00
  -6.2208997e-01  -1.5741174e+00
  -6.2208997e-01  -1.5742969e+00
  -6.3297769e-01  -1.5744527e+00
  -6.3297769e-01  -1.5745878e+00
  -6.3297769e-01  -1.5747050e+00
  -6.3297769e-01  -1.5750083e+00
  -6.3297769e-01  -1.5756054e+00
  -6.3297769e-01  -1.5763833e+00
  -6.3297769e-01  -1.5772606e+00
  -6.3297769e-01  -1.5781793e+00
  -6.3297769e-01  -1.5790990e+00
  -6.3297769e-01  -1.5799925e+00
  -6.3297769e-01  -1.5808419e+00
  -6.3297769e-01  -1.5816367e+00
  -6.3297769e-01  -1.5823712e+00
  -6.3297769e-01  -1.5830434e+00
  -6.3297769e-01  -1.5836538e+00
  -6.3297769e-01  -1.5842045e+00
  -6.3297769e-01  -1.5846987e+00
  -6.3297769e-01  -1.5851401e+00
  -6.3297769e-01  -1.5855330e+00
  -6.3297769e-01  -1.5858815e+00
  -6.3297769e-01  -1.5861898e+00
  -6.3297769e-01  -1.5864619e+00
  -6.3297769e-01  -1.5867015e+00
  -6.3297769e-01  -1.5869121e+00
  -6.3297769e-01  -1.5870970e+00
  -6.3297769e-01  -1.5872590e+00
  -6.3297769e-01  -1.5874009e+00
  -6.3297769e-01  -1.5875249e+00
  -6.3297769e-01  -1.5876333e+00
  -6.3297769e-01  -1.5877278e+00
  -6.3297769e-01  -1.5878103e+00
  -6.3297769e-01  -1.5878823e+00
  -6.3297769e-01  -1.5879449e+00
  -6.3297769e-01  -1.5879995e+00
  -6.3297769e-01  -1.5880469e+00
  -6.3297769e-01  -1.5880882e+00
  -6.3297769e-01  -1.5881242e+00
  -6.3297769e-01  -1.5881554e+00
  -6.3297769e-01  -1.5881825e+00
  -6.3297769e-01  -1.5882061e+00
  -6.3297769e-01  -1.5882266e+00
  -6.3297769e-01  -1.5882444e+00
  -6.3297769e-01  -1.5882598e+00
  -6.3297769e-01  -1.5882732e+00
  -6.3297769e-01  -1.5882848e+00
  -6.3297769e-01  -1.5882949e+00
  -6.3297769e-01  -1.5883037e+00
  -6.3297769e-01  -1.5883113e+00
  -6.3297769e-01  -1.5883179e+00
  -6.3297769e-01  -1.5883236e+00
   2.5123712e-01  -1.5883286e+00
   2.5123712e-01  -1.5883329e+00
   2.5123712e-01  -1.5883367e+00
   2.5123712e-01  -1.5276569e+00
   2.5123712e-01  -1.3808090e+00
   2.5123712e-01  -1.1923157e+00
   2.5123712e-01  -9.9297267e-01
   2.5123712e-01  -8.0115601e-01
   2.5123712e-01  -6.2620418e-01
   2.5123712e-01  -4.7169477e-01
   2.5123712e-01  -3.3790424e-01
   2.5123712e-01  -2.2342547e-01
   2.5123712e-01  -1.2613963e-01
   2.5123712e-01  -4.3755928e-02
   2.5123712e-01   2.5914328e-02
   2.5123712e-01   8.4837078e-02
   2.5123712e-01   1.3471823e-01
   2.5123712e-01   1.7700850e-01
   2.5123712e-01   2.1292727e-01
   2.5123712e-01   2.4349288e-01
   2.5123712e-01   2.6955326e-01
   2.5123712e-01   2.9181395e-01
   2.5123712e-01   3.1086247e-01
   2.5123712e-01   3.2718892e-01
   2.5123712e-01   3.4120312e-01
   2.5123712e-01   3.5324870e-01
   2.5123712e-01   3.6361462e-01
   2.5123712e-01   3.7254458e-01
   2.5123712e-01   3.8024469e-01
   2.5123712e-01   3.8688978e-01
   2.5123712e-01   3.9262849e-01
   2.5123712e-01   3.9758750e-01
   2.5123712e-01   4.0187504e-01
   2.5123712e-01   4.0558371e-01
   2.5123712e-01   4.0879292e-01
   2.5123712e-01   4.1157087e-01
   2.5123712e-01   4.1397619e-01
   2.5123712e-01   4.1605935e-01
   2.5123712e-01   4.1786387e-01
   2.5123712e-01   4.1942727e-01
   2.5123712e-01   4.2078197e-01
   2.5123712e-01   4.2195596e-01
   2.5123712e-01   4.2297345e-01
   2.5123712e-01   4.2385535e-01
   2.5123712e-01   4.2461980e-01
   2.5123712e-01   4.2528247e-01
   2.5123712e-01   4.2585692e-01
   2.5123712e-01   4.2635493e-01
   2.5123712e-01   4.2678666e-01
   2.5123712e-01   4.2716096e-01
  -8.3774846e-01   4.2748546e-01
  -8.3774846e-01   4.2776679e-01
  -8.3774846e-01   4.2801070e-01
  -8.3774846e-01   4.1393998e-01
  -8.3774846e-01   3.7650173e-01
  -8.3774846e-01   3.2084741e-01
  -8.3774846e-01   2.5024625e-01
  -8.3774846e-01   1.6721315e-01
  -8.3774846e-01   7.4014105e-02
  -8.3774846e-01  -2.7130618e-02
  -8.3774846e-01  -1.3399969e-01
  -8.3774846e-01  -2.4440331e-01
  -8.3774846e-01  -3.5624955e-01
  -8.3774846e-01  -4.6761602e-01
  -8.3774846e-01  -5.7681014e-01
  -8.3774846e-01  -6.8240971e-01
  -8.3774846e-01  -7.8328159e-01
  -8.3774846e-01  -8.7858026e-01
  -8.3774846e-01  -9.6773045e-01
  -8.3774846e-01  -1.0503986e+00
  -8.3774846e-01  -1.1264579e+00
  -8.3774846e-01  -1.1959510e+00
  -8.3774846e-01  -1.2590534e+00
  -8.3774846e-01  -1.3160397e+00
  -8.3774846e-01  -1.3672537e+00
  -8.3774846e-01  -1.4130829e+00
  -8.3774846e-01  -1.4539384e+00
  -8.3774846e-01  -1.4902385e+00
  -8.3774846e-01  -1.5223960e+00
  -8.3774846e-01  -1.5508098e+00
  -8.3774846e-01  -1.5758583e+00
  -8.3774846e-01  -1.5978956e+00
  -8.3774846e-01  -1.6172494e+00
  -8.3774846e-01  -1.6342199e+00
  -8.3774846e-01  -1.6490803e+00
  -8.3774846e-01  -1.6620771e+00
  -8.3774846e-01  -1.6734320e+00
  -8.3774846e-01  -1.6833433e+00
  -8.3774846e-01  -1.6919873e+00
  -8.3774846e-01  -1.6995206e+00
  -8.3774846e-01  -1.7060818e+00
  -8.3774846e-01  -1.7117931e+00
  -8.3774846e-01  -1.7167623e+00
  -8.3774846e-01  -1.7210838e+00
  -8.3774846e-01  -1.7248406e+00
  -8.3774846e-01  -1.7281055e+00
  -8.3774846e-01  -1.7309420e+00
  -8.3774846e-01  -1.7334058e+00
  -8.3774846e-01  -1.7355452e+00
  -8.3774846e-01  -1.7374026e+00
   5.5142536e-01  -1.7390149e+00
   5.5142536e-01  -1.7404143e+00
   5.5142536e-01  -1.7416286e+00
   5.5142536e-01  -1.6613617e+00
   5.5142536e-01  -1.4675738e+00
   5.5142536e-01  -1.2230471e+00
   5.5142536e-01  -9.7029337e-01
   5.5142536e-01  -7.3326819e-01
   5.5142536e-01  -5.2281579e-01
   5.5142536e-01  -3.4187128e-01
   5.5142536e-01  -1.8920695e-01
   5.5142536e-01  -6.1756580e-02
   5.5142536e-01   4.4090626e-02
   5.5142536e-01   1.3184300e-01
   5.5142536e-01   2.0462892e-01
   5.5142536e-01   2.6511428e-01
   5.5142536e-01   3.1551374e-01
   5.5142536e-01   3.5764114e-01
   5.5142536e-01   3.9297109e-01
   5.5142536e-01   4.2269880e-01
   5.5142536e-01   4.4779291e-01
   5.5142536e-01   4.6903980e-01
   5.5142536e-01   4.8707977e-01
   5.5142536e-01   5.0243618e-01
   5.5142536e-01   5.1553857e-01
   5.5142536e-01   5.2674108e-01
   5.5142536e-01   5.3633696e-01
   5.5142536e-01   5.4457013e-01
   5.5142536e-01   5.5164432e-01
   5.5142536e-01   5.5773039e-01
   5.5142536e-01   5.6297216e-01
   5.5142536e-01   5.6749110e-01
   5.5142536e-01   5.7139015e-01
   5.5142536e-01   5.7475676e-01
   5.5142536e-01   5.7766545e-01
   5.5142536e-01   5.8017986e-01
   5.5142536e-01   5.8235442e-01
   5.5142536e-01   5.8423581e-01
   5.5142536e-01   5.8586409e-01
   5.5142536e-01   5.8727372e-01
   5.5142536e-01   5.8849435e-01
   5.5142536e-01   5.8955154e-01
   5.5142536e-01   5.9046733e-01
   5.5142536e-01   5.9126074e-01
   5.5142536e-01   5.9194822e-01
   5.5142536e-01   5.9254397e-01
   5.5142536e-01   5.9306026e-01
   5.5142536e-01   5.9350774e-01
   5.5142536e-01   5.9389558e-01
   5.5142536e-01   5.9423177e-01
  -1.2828282e-01   5.9452317e-01
  -1.2828282e-01   5.9477578e-01
  -1.2828282e-01   5.9499476e-01
  -1.2828282e-01   5.8737775e-01
  -1.2828282e-01   5.6718219e-01
  -1.2828282e-01   5.3762544e-01
  -1.2828282e-01   5.0089033e-01
  -1.2828282e-01   4.5866342e-01
  -1.2828282e-01   4.1237912e-01
  -1.2828282e-01   3.6332189e-01
  -1.2828282e-01   3.1265892e-01
  -1.2828282e-01   2.6144070e-01
  -1.2828282e-01   2.1059013e-01
  -1.2828282e-01   1.6089130e-01
  -1.2828282e-01   1.1298329e-01
  -1.2828282e-01   6.7360917e-02
  -1.2828282e-01   2.4382007e-02
  -1.2828282e-01  -1.5720048e-02
  -1.2828282e-01  -5.2820365e-02
  -1.2828282e-01  -8.6884971e-02
  -1.2828282e-01  -1.1795305e-01
  -1.2828282e-01  -1.4612011e-01
  -1.2828282e-01  -1.7152284e-01
  -1.2828282e-01  -1.9432596e-01
  -1.2828282e-01  -2.1471129e-01
  -1.2828282e-01  -2.3286892e-01
  -1.2828282e-01  -2.4899038e-01
  -1.2828282e-01  -2.6326345e-01
  -1.2828282e-01  -2.7586847e-01
  -1.2828282e-01  -2.8697585e-01
  -1.2828282e-01  -2.9674453e-01
  -1.2828282e-01  -3.0532115e-01
  -1.2828282e-01  -3.1283982e-01
  -1.2828282e-01  -3.1942230e-01
  -1.2828282e-01  -3.2517842e-01
  -1.2828282e-01  -3.3020675e-01
  -1.2828282e-01  -3.3459531e-01
  -1.2828282e-01  -3.3842245e-01
  -1.2828282e-01  -3.4175765e-01
  -1.2828282e-01  -3.4466234e-01
  -1.2828282e-01  -3.4719072e-01
  -1.2828282e-01  -3.4939047e-01
  -1.2828282e-01  -3.5130351e-01
  -1.2828282e-01  -3.5296657e-01
  -1.2828282e-01  -3.5441185e-01
  -1.2828282e-01  -3.5566751e-01
  -1.2828282e-01  -3.5675814e-01
  -1.2828282e-01  -3.5770522e-01
  -1.2828282e-01  -3.5852749e-01
  -1.2828282e-01  -3.5924125e-01
  -3.8730106e-01  -3.5986074e-01
  -3.8730106e-01  -3.6039834e-01
  -3.8730106e-01  -3.6086480e-01
  -3.8730106e-01  -3.7094979e-01
  -3.8730106e-01  -3.9603925e-01
  -3.8730106e-01  -4.3118013e-01
  -3.8730106e-01  -4.7280349e-01
  -3.8730106e-01  -5.1825684e-01
  -3.8730106e-01  -5.6553682e-01
  -3.8730106e-01  -6.1312698e-01
  -3.8730106e-01  -6.5989154e-01
  -3.8730106e-01  -7.0499971e-01
  -3.8730106e-01  -7.4786747e-01
  -3.8730106e-01  -7.8811009e-01
  -3.8730106e-01  -8.2550218e-01
  -3.8730106e-01  -8.5994356e-01
  -3.8730106e-01  -8.9143023e-01
  -3.8730106e-01  -9.2002985e-01
  -3.8730106e-01  -9.4586142e-01
  -3.8730106e-01  -9.6907872e-01
  -3.8730106e-01  -9.8985704e-01
  -3.8730106e-01  -1.0083829e+00
  -3.8730106e-01  -1.0248460e+00
  -3.8730106e-01  -1.0394338e+00
  -3.8730106e-01  -1.0523270e+00
  -3.8730106e-01  -1.0636969e+00
  -3.8730106e-01  -1.0737037e+00
  -3.8730106e-01  -1.0824954e+00
  -3.8730106e-01  -1.0902077e+00
  -3.8730106e-01  -1.0969640e+00
  -3.8730106e-01  -1.1028757e+00
  -3.8730106e-01  -1.1080428e+00
  -3.8730106e-01  -1.1125551e+00
  -3.8730106e-01  -1.1164921e+00
  -3.8730106e-01  -1.1199247e+00
  -3.8730106e-01  -1.1229156e+00
  -3.8730106e-01  -1.1255202e+00
  -3.8730106e-01  -1.1277871e+00
  -3.8730106e-01  -1.1297593e+00
  -3.8730106e-01  -1.1314745e+00
  -3.8730106e-01  -1.1329655e+00
  -3.8730106e-01  -1.1342613e+00
  -3.8730106e-01  -1.1353871e+00
  -3.8730106e-01  -1.1363650e+00
  -3.8730106e-01  -1.1372142e+00
  -3.8730106e-01  -1.1379515e+00
  -3.8730106e-01  -1.1385916e+00
  -3.8730106e-01  -1.1391472e+00
  -3.8730106e-01  -1.1396293e+00
  -3.8730106e-01  -1.1400477e+00
   2.1543128e-02  -1.1404107e+00
   2.1543128e-02  -1.1407256e+00
   2.1543128e-02  -1.1409988e+00
   2.1543128e-02  -1.1140106e+00
   2.1543128e-02  -1.0470488e+00
   2.1543128e-02  -9.5813552e-01
   2.1543128e-02  -8.6012717e-01
   2.1543128e-02  -7.6142397e-01
   2.1543128e-02  -6.6706168e-01
   2.1543128e-02  -5.7974109e-01
   2.1543128e-02  -5.0064212e-01
   2.1543128e-02  -4.3000922e-01
   2.1543128e-02  -3.6754726e-01
   2.1543128e-02  -3.1267711e-01
   2.1543128e-02  -2.6469412e-01
   2.1543128e-02  -2.2286246e-01
   2.1543128e-02  -1.8646826e-01
   2.1543128e-02  -1.5484717e-01
   2.1543128e-02  -1.2739654e-01
   2.1543128e-02  -1.0357853e-01
   2.1543128e-02  -8.2918318e-02
   2.1543128e-02  -6.4999633e-02
   2.1543128e-02  -4.9459270e-02
   2.1543128e-02  -3.5981275e-02
   2.1543128e-02  -2.4291331e-02
   2.1543128e-02  -1.4151544e-02
   2.1543128e-02  -5.3557345e-03
   2.1543128e-02   2.2747355e-03
   2.1543128e-02   8.8946356e-03
   2.1543128e-02   1.4638067e-02
   2.1543128e-02   1.9621241e-02
   2.1543128e-02   2.3944888e-02
   2.1543128e-02   2.7696337e-02
   2.1543128e-02   3.0951316e-02
   2.1543128e-02   3.3775507e-02
   2.1543128e-02   3.6225885e-02
   2.1543128e-02   3.8351881e-02
   2.1543128e-02   4.0196389e-02
   2.1543128e-02   4.1796630e-02
   2.1543128e-02   4.3184905e-02
   2.1543128e-02   4.4389248e-02
   2.1543128e-02   4.5433989e-02
   2.1543128e-02   4.6340246e-02
   2.1543128e-02   4.7126345e-02
   2.1543128e-02   4.7808193e-02
   2.1543128e-02   4.8399593e-02
   2.1543128e-02   4.8912526e-02
   2.1543128e-02   4.9357386e-02
   2.1543128e-02   4.9743196e-02
   2.1543128e-02   5.0077784e-02
   5.8966283e-01   5.0367940e-02
   5.8966283e-01   5.0619559e-02
   5.8966283e-01   5.0837753e-02
   5.8966283e-01   6.3977978e-02
   5.8966283e-01   9.6028517e-02
   5.8966283e-01   1.3833019e-01
   5.8966283e-01   1.8472617e-01
   5.8966283e-01   2.3122785e-01
   5.8966283e-01   2.7547825e-01
   5.8966283e-01   3.1624414e-01
   5.8966283e-01   3.5301599e-01
   5.8966283e-01   3.8572261e-01
   5.8966283e-01   4.1454022e-01
   5.8966283e-01   4.3977070e-01
   5.8966283e-01   4.6176730e-01
   5.8966283e-01   4.8089136e-01
   5.8966283e-01   4.9748857e-01
   5.8966283e-01   5.1187725e-01
   5.8966283e-01   5.2434369e-01
   5.8966283e-01   5.3514153e-01
   5.8966283e-01   5.4449332e-01
   5.8966283e-01   5.5259310e-01
   5.8966283e-01   5.5960935e-01
   5.8966283e-01   5.6568802e-01
   5.8966283e-01   5.7095537e-01
   5.8966283e-01   5.7552051e-01
   5.8966283e-01   5.7947774e-01
   5.8966283e-01   5.8290853e-01
   5.8966283e-01   5.8588333e-01
   5.8966283e-01   5.8846303e-01
   5.8966283e-01   5.9070032e-01
   5.8966283e-01   5.9264080e-01
   5.8966283e-01   5.9432395e-01
   5.8966283e-01   5.9578393e-01
   5.8966283e-01   5.9705039e-01
   5.8966283e-01   5.9814899e-01
   5.8966283e-01   5.9910198e-01
   5.8966283e-01   5.9992867e-01
   5.8966283e-01   6.0064577e-01
   5.8966283e-01   6.0126782e-01
   5.8966283e-01   6.0180739e-01
   5.8966283e-01   6.0227542e-01
   5.8966283e-01   6.0268137e-01
   5.8966283e-01   6.0303348e-01
   5.8966283e-01   6.0333887e-01
   5.8966283e-01   6.0360374e-01
   5.8966283e-01   6.0383345e-01
   5.8966283e-01   6.0403268e-01
   5.8966283e-01   6.0420545e-01
   5.8966283e-01   6.0435528e-01
  -2.4278123e-01   6.0448521e-01
  -2.4278123e-01   6.0459787e-01
  -2.4278123e-01   6.0469558e-01
  -2.4278123e-01   5.9552386e-01
  -2.4278123e-01   5.7127547e-01
  -2.4278123e-01   5.3541526e-01
  -2.4278123e-01   4.9019243e-01
  -2.4278123e-01   4.3734478e-01
  -2.4278123e-01   3.7841384e-01
  -2.4278123e-01   3.1487152e-01
  -2.4278123e-01   2.4815072e-01
  -2.4278123e-01   1.7962888e-01
  -2.4278123e-01   1.1059253e-01
  -2.4278123e-01   4.2199899e-02
  -2.4278123e-01  -2.4548946e-02
  -2.4278123e-01  -8.8830230e-02
  -2.4278123e-01  -1.5000199e-01
  -2.4278123e-01  -2.0759852e-01
  -2.4278123e-01  -2.6131637e-01
  -2.4278123e-01  -3.1099467e-01
  -2.4278123e-01  -3.5659266e-01
  -2.4278123e-01  -3.9816647e-01
  -2.4278123e-01  -4.3584700e-01
  -2.4278123e-01  -4.6981975e-01
  -2.4278123e-01  -5.0030737e-01
  -2.4278123e-01  -5.2755507e-01
  -2.4278123e-01  -5.5181884e-01
  -2.4278123e-01  -5.7335628e-01
  -2.4278123e-01  -5.9241976e-01
  -2.4278123e-01  -6.0925145e-01
  -2.4278123e-01  -6.2408005e-01
  -2.4278123e-01  -6.3711870e-01
  -2.4278123e-01  -6.4856399e-01
  -2.4278123e-01  -6.5859560e-01
  -2.4278123e-01  -6.6737656e-01
  -2.4278123e-01  -6.7505389e-01
  -2.4278123e-01  -6.8175946e-01
  -2.4278123e-01  -6.8761103e-01
  -2.4278123e-01  -6.9271333e-01
  -2.4278123e-01  -6.9715921e-01
  -2.4278123e-01  -7.0103077e-01
  -2.4278123e-01  -7.0440038e-01
  -2.4278123e-01  -7.0733174e-01
  -2.4278123e-01  -7.0988078e-01
  -2.4278123e-01  -7.1209657e-01
  -2.4278123e-01  -7.1402204e-01
  -2.4278123e-01  -7.1569476e-01
  -2.4278123e-01  -7.1714755e-01
  -2.4278123e-01  -7.1840904e-01
  -2.4278123e-01  -7.1950421e-01
   6.5651178e-02  -7.2045483e-01
   6.5651178e-02  -7.2127985e-01
   6.5651178e-02  -7.2199577e-01
   6.5651178e-02  -7.0357607e-01
   6.5651178e-02  -6.5698591e-01
   6.5651178e-02  -5.9460669e-01
   6.5651178e-02  -5.2531061e-01
   6.5651178e-02  -4.5497507e-01
   6.5651178e-02  -3.8720729e-01
   6.5651178e-02  -3.2401945e-01
   6.5651178e-02  -2.6636521e-01
   6.5651178e-02  -2.1453036e-01
   6.5651178e-02  -1.6840157e-01
   6.5651178e-02  -1.2764373e-01
   6.5651178e-02  -9.1812954e-02
   6.5651178e-02  -6.0425995e-02
   6.5651178e-02  -3.3001218e-02
   6.5651178e-02  -9.0813467e-03
   6.5651178e-02   1.1755132e-02
   6.5651178e-02   2.9889446e-02
   6.5651178e-02   4.5662044e-02
   6.5651178e-02   5.9374359e-02
   6.5651178e-02   7.1291702e-02
   6.5651178e-02   8.1646640e-02
   6.5651178e-02   9.0642464e-02
   6.5651178e-02   9.8456528e-02
   6.5651178e-02   1.0524335e-01
   6.5651178e-02   1.1113745e-01
   6.5651178e-02   1.1625583e-01
   6.5651178e-02   1.2070025e-01
   6.5651178e-02   1.2455918e-01
   6.5651178e-02   1.2790951e-01
   6.5651178e-02   1.3081806e-01
   6.5651178e-02   1.3334291e-01
   6.5651178e-02   1.3553452e-01
   6.5651178e-02   1.3743674e-01
   6.5651178e-02   1.3908768e-01
   6.5651178e-02   1.4052042e-01
   6.5651178e-02   1.4176372e-01
   6.5651178e-02   1.4284256e-01
   6.5651178e-02   1.4377864e-01
   6.5651178e-02   1.4459080e-01
   6.5651178e-02   1.4529540e-01
   6.5651178e-02   1.4590665e-01
   6.5651178e-02   1.4643689e-01
   6.5651178e-02   1.4689684e-01
   6.5651178e-02   1.4729579e-01
   6.5651178e-02   1.4764182e-01
   6.5651178e-02   1.4794193e-01
   6.5651178e-02   1.4820222e-01
   8.7800312e-01   1.4842795e-01
   8.7800312e-01   1.4862370e-01
   8.7800312e-01   1.4879346e-01
   8.7800312e-01   1.6028692e-01
   8.7800312e-01   1.8836657e-01
   8.7800312e-01   2.2547117e-01
   8.7800312e-01   2.6622013e-01
   8.7800312e-01   3.0711863e-01
   8.7800312e-01   3.4609223e-01
   8.7800312e-01   3.8204695e-01
   8.7800312e-01   4.1452254e-01
   8.7800312e-01   4.4344448e-01
   8.7800312e-01   4.6895748e-01
   8.7800312e-01   4.9131894e-01
   8.7800312e-01   5.1083356e-01
   8.7800312e-01   5.2781498e-01
   8.7800312e-01   5.4256457e-01
   8.7800312e-01   5.5536072e-01
   8.7800312e-01   5.6645454e-01
   8.7800312e-01   5.7606899e-01
   8.7800312e-01   5.8440011e-01
   8.7800312e-01   5.9161909e-01
   8.7800312e-01   5.9787485e-01
   8.7800312e-01   6.0329656e-01
   8.7800312e-01   6.0799606e-01
   8.7800312e-01   6.1207014e-01
   8.7800312e-01   6.1560254e-01
   8.7800312e-01   6.1866564e-01
   8.7800312e-01   6.2132210e-01
   8.7800312e-01   6.2362611e-01
   8.7800312e-01   6.2562458e-01
   8.7800312e-01   6.2735812e-01
   8.7800312e-01   6.2886192e-01
   8.7800312e-01   6.3016647e-01
   8.7800312e-01   6.3129818e-01
   8.7800312e-01   6.3227996e-01
   8.7800312e-01   6.3313167e-01
   8.7800312e-01   6.3387053e-01
   8.7800312e-01   6.3451148e-01
   8.7800312e-01   6.3506749e-01
   8.7800312e-01   6.3554980e-01
   8.7800312e-01   6.3596817e-01
   8.7800312e-01   6.3633106e-01
   8.7800312e-01   6.3664582e-01
   8.7800312e-01   6.3691883e-01
   8.7800312e-01   6.3715562e-01
   8.7800312e-01   6.3736098e-01
   8.7800312e-01   6.3753908e-01
   8.7800312e-01   6.3769354e-01
   8.7800312e-01   6.3782749e-01
   1.0031269e-01   6.3794365e-01
   1.0031269e-01   6.3804438e-01
   1.0031269e-01   6.3813173e-01
   1.0031269e-01   6.3379669e-01
   1.0031269e-01   6.2249679e-01
   1.0031269e-01   6.0631453e-01
   1.0031269e-01   5.8672659e-01
   1.0031269e-01   5.6485400e-01
   1.0031269e-01   5.4158686e-01
   1.0031269e-01   5.1764745e-01
   1.0031269e-01   4.9362327e-01
   1.0031269e-01   4.6998604e-01
   1.0031269e-01   4.4710489e-01
   1.0031269e-01   4.2525754e-01
   1.0031269e-01   4.0464128e-01
   1.0031269e-01   3.8538402e-01
   1.0031269e-01   3.6755542e-01
   1.0031269e-01   3.5117754e-01
   1.0031269e-01   3.3623497e-01
   1.0031269e-01   3.2268377e-01
   1.0031269e-01   3.1045944e-01
   1.0031269e-01   2.9948352e-01
   1.0031269e-01   2.8966909e-01
   1.0031269e-01   2.8092511e-01
   1.0031269e-01   2.7315980e-01
   1.0031269e-01   2.6628310e-01
   1.0031269e-01   2.6020853e-01
   1.0031269e-01   2.5485432e-01
   1.0031269e-01   2.5014421e-01
   1.0031269e-01   2.4600780e-01
   1.0031269e-01   2.4238071e-01
   1.0031269e-01   2.3920445e-01
   1.0031269e-01   2.3642627e-01
   1.0031269e-01   2.3399878e-01
   1.0031269e-01   2.3187967e-01
   1.0031269e-01   2.3003125e-01
   1.0031269e-01   2.2842010e-01
   1.0031269e-01   2.2701663e-01
   1.0031269e-01   2.2579477e-01
   1.0031269e-01   2.2473153e-01
   1.0031269e-01   2.2380672e-01
   1.0031269e-01   2.2300262e-01
   1.0031269e-01   2.2230373e-01
   1.0031269e-01   2.2169645e-01
   1.0031269e-01   2.2116891e-01
   1.0031269e-01   2.2071076e-01
   1.0031269e-01   2.2031295e-01
   1.0031269e-01   2.1996759e-01
   1.0031269e-01   2.1966782e-01
   1.0031269e-01   2.1940766e-01
   1.7408941e-01   2.1918190e-01
   1.7408941e-01   2.1898601e-01
   1.7408941e-01   2.1881607e-01
   1.7408941e-01   2.2069375e-01
   1.7408941e-01   2.2565291e-01
   1.7408941e-01   2.3249952e-01
   1.7408941e-01   2.4036842e-01
   1.7408941e-01   2.4865134e-01
   1.7408941e-01   2.5693427e-01
   1.7408941e-01   2.6494628e-01
   1.7408941e-01   2.7251975e-01
   1.7408941e-01   2.7956011e-01
   1.7408941e-01   2.8602349e-01
   1.7408941e-01   2.9190035e-01
   1.7408941e-01   2.9720371e-01
   1.7408941e-01   3.0196074e-01
   1.7408941e-01   3.0620692e-01
   1.7408941e-01   3.0998195e-01
   1.7408941e-01   3.1332694e-01
   1.7408941e-01   3.1628263e-01
   1.7408941e-01   3.1888819e-01
   1.7408941e-01   3.2118048e-01
   1.7408941e-01   3.2319369e-01
   1.7408941e-01   3.2495917e-01
   1.7408941e-01   3.2650542e-01
   1.7408941e-01   3.2785812e-01
   1.7408941e-01   3.2904034e-01
   1.7408941e-01   3.3007266e-01
   1.7408941e-01   3.3097341e-01
   1.7408941e-01   3.3175881e-01
   1.7408941e-01   3.3244323e-01
   1.7408941e-01   3.3303934e-01
   1.7408941e-01   3.3355827e-01
   1.7408941e-01   3.3400982e-01
   1.7408941e-01   3.3440261e-01
   1.7408941e-01   3.3474415e-01
   1.7408941e-01   3.3504104e-01
   1.7408941e-01   3.3529905e-01
   1.7408941e-01   3.3552321e-01
   1.7408941e-01   3.3571793e-01
   1.7408941e-01   3.3588703e-01
   1.7408941e-01   3.3603386e-01
   1.7408941e-01   3.3616133e-01
   1.7408941e-01   3.3627198e-01
   1.7408941e-01   3.3636801e-01
   1.7408941e-01   3.3645135e-01
   1.7408941e-01   3.3652367e-01
   1.7408941e-01   3.3658642e-01
   1.7408941e-01   3.3664085e-01
   1.7408941e-01   3.3668807e-01
  -3.9750734e-01   3.3672904e-01
  -3.9750734e-01   3.3676457e-01
  -3.9750734e-01   3.3679538e-01
  -3.9750734e-01   3.2438077e-01
  -3.9750734e-01   2.9196998e-01
  -3.9750734e-01   2.4472880e-01
  -3.9750734e-01   1.8618121e-01
  -3.9750734e-01   1.1905174e-01
  -3.9750734e-01   4.5648599e-02
  -3.9750734e-01  -3.1974731e-02
  -3.9750734e-01  -1.1196628e-01
  -3.9750734e-01  -1.9267190e-01
  -3.9750734e-01  -2.7264911e-01
  -3.9750734e-01  -3.5068149e-01
  -3.9750734e-01  -4.2578520e-01
  -3.9750734e-01  -4.9720526e-01
  -3.9750734e-01  -5.6440198e-01
  -3.9750734e-01  -6.2702975e-01
  -3.9750734e-01  -6.8491112e-01
  -3.9750734e-01  -7.3800862e-01
  -3.9750734e-01  -7.8639676e-01
  -3.9750734e-01  -8.3023570e-01
  -3.9750734e-01  -8.6974768e-01
  -3.9750734e-01  -9.0519674e-01
  -3.9750734e-01  -9.3687193e-01
  -3.9750734e-01  -9.6507376e-01
  -3.9750734e-01  -9.9010379e-01
  -3.9750734e-01  -1.0122568e+00
  -3.9750734e-01  -1.0318154e+00
  -3.9750734e-01  -1.0490458e+00
  -3.9750734e-01  -1.0641963e+00
  -3.9750734e-01  -1.0774955e+00
  -3.9750734e-01  -1.0891523e+00
  -3.9750734e-01  -1.0993561e+00
  -3.9750734e-01  -1.1082779e+00
  -3.9750734e-01  -1.1160707e+00
  -3.9750734e-01  -1.1228714e+00
  -3.9750734e-01  -1.1288016e+00
  -3.9750734e-01  -1.1339692e+00
  -3.9750734e-01  -1.1384694e+00
  -3.9750734e-01  -1.1423864e+00
  -3.9750734e-01  -1.1457942e+00
  -3.9750734e-01  -1.1487576e+00
  -3.9750734e-01  -1.1513338e+00
  -3.9750734e-01  -1.1535725e+00
  -3.9750734e-01  -1.1555174e+00
  -3.9750734e-01  -1.1572067e+00
  -3.9750734e-01  -1.1586736e+00
  -3.9750734e-01  -1.1599471e+00
  -3.9750734e-01  -1.1610526e+00
  -5.3902368e-01  -1.1620121e+00
  -5.3902368e-01  -1.1628447e+00
  -5.3902368e-01  -1.1635672e+00
  -5.3902368e-01  -1.1684556e+00
  -5.3902368e-01  -1.1797921e+00
  -5.3902368e-01  -1.1952302e+00
  -5.3902368e-01  -1.2130703e+00
  -5.3902368e-01  -1.2320852e+00
  -5.3902368e-01  -1.2513976e+00
  -5.3902368e-01  -1.2703925e+00
  -5.3902368e-01  -1.2886515e+00
  -5.3902368e-01  -1.3059037e+00
  -5.3902368e-01  -1.3219881e+00
  -5.3902368e-01  -1.3368243e+00
  -5.3902368e-01  -1.3503907e+00
  -5.3902368e-01  -1.3627069e+00
  -5.3902368e-01  -1.3738208e+00
  -5.3902368e-01  -1.3837986e+00
  -5.3902368e-01  -1.3927175e+00
  -5.3902368e-01  -1.4006600e+00
  -5.3902368e-01  -1.4077103e+00
  -5.3902368e-01  -1.4139509e+00
  -5.3902368e-01  -1.4194615e+00
  -5.3902368e-01  -1.4243170e+00
  -5.3902368e-01  -1.4285873e+00
  -5.3902368e-01  -1.4323369e+00
  -5.3902368e-01  -1.4356244e+00
  -5.3902368e-01  -1.4385032e+00
  -5.3902368e-01  -1.4410212e+00
  -5.3902368e-01  -1.4432215e+00
  -5.3902368e-01  -1.4451425e+00
  -5.3902368e-01  -1.4468183e+00
  -5.3902368e-01  -1.4482793e+00
  -5.3902368e-01  -1.4495521e+00
  -5.3902368e-01  -1.4506604e+00
  -5.3902368e-01  -1.4516251e+00
  -5.3902368e-01  -1.4524643e+00
  -5.3902368e-01  -1.4531942e+00
  -5.3902368e-01  -1.4538287e+00
  -5.3902368e-01  -1.4543801e+00
  -5.3902368e-01  -1.4548592e+00
  -5.3902368e-01  -1.4552754e+00
  -5.3902368e-01  -1.4556368e+00
  -5.3902368e-01  -1.4559506e+00
  -5.3902368e-01  -1.4562231e+00
  -5.3902368e-01  -1.4564596e+00
  -5.3902368e-01  -1.4566648e+00
  -5.3902368e-01  -1.4568429e+00
  -5.3902368e-01  -1.4569975e+00
  -5.3902368e-01  -1.4571316e+00
  -6.1047142e-01  -1.4572479e+00
  -6.1047142e-01  -1.4573488e+00
  -6.1047142e-01  -1.4574363e+00
  -6.1047142e-01  -1.4590967e+00
  -6.1047142e-01  -1.4631647e+00
  -6.1047142e-01  -1.4687479e+00
  -6.1047142e-01  -1.4752001e+00
  -6.1047142e-01  -1.4820582e+00
  -6.1047142e-01  -1.4889958e+00
  -6.1047142e-01  -1.4957887e+00
  -6.1047142e-01  -1.5022882e+00
  -6.1047142e-01  -1.5084014e+00
  -6.1047142e-01  -1.5140760e+00
  -6.1047142e-01  -1.5192890e+00
  -6.1047142e-01  -1.5240380e+00
  -6.1047142e-01  -1.5283345e+00
  -6.1047142e-01  -1.5321996e+00
  -6.1047142e-01  -1.5356599e+00
  -6.1047142e-01  -1.5387452e+00
  -6.1047142e-01  -1.5414866e+00
  -6.1047142e-01  -1.5439152e+00
  -6.1047142e-01  -1.5460612e+00
  -6.1047142e-01  -1.5479531e+00
  -6.1047142e-01  -1.5496179e+00
  -6.1047142e-01  -1.5510803e+00
  -6.1047142e-01  -1.5523631e+00
  -6.1047142e-01  -1.5534867e+00
  -6.1047142e-01  -1.5544698e+00
  -6.1047142e-01  -1.5553291e+00
  -6.1047142e-01  -1.5560795e+00
  -6.1047142e-01  -1.5567344e+00
  -6.1047142e-01  -1.5573053e+00
  -6.1047142e-01  -1.5578029e+00
  -6.1047142e-01  -1.5582363e+00
  -6.1047142e-01  -1.5586135e+00
  -6.1047142e-01  -1.5589417e+00
  -6.1047142e-01  -1.5592272e+00
  -6.1047142e-01  -1.5594754e+00
  -6.1047142e-01  -1.5596912e+00
  -6.1047142e-01  -1.5598787e+00
  -6.1047142e-01  -1.5600416e+00
  -6.1047142e-01  -1.5601830e+00
  -6.1047142e-01  -1.5603059e+00
  -6.1047142e-01  -1.5604125e+00
  -6.1047142e-01  -1.5605051e+00
  -6.1047142e-01  -1.5605855e+00
  -6.1047142e-01  -1.5606552e+00
  -6.1047142e-01  -1.5607158e+00
  -6.1047142e-01  -1.5607683e+00
  -6.1047142e-01  -1.5608138e+00
  -6.5858391e-01  -1.5608533e+00
  -6.5858391e-01  -1.5608876e+00
  -6.5858391e-01  -1.5609174e+00
  -6.5858391e-01  -1.5618046e+00
  -6.5858391e-01  -1.5640017e+00
  -6.5858391e-01  -1.5670212e+00
  -6.5858391e-01  -1.5705098e+00
  -6.5858391e-01  -1.5742150e+00
  -6.5858391e-01  -1.5779595e+00
  -6.5858391e-01  -1.5816218e+00
  -6.5858391e-01  -1.5851221e+00
  -6.5858391e-01  -1.5884108e+00
  -6.5858391e-01  -1.5914604e+00
  -6.5858391e-01  -1.5942593e+00
  -6.5858391e-01  -1.5968067e+00
  -6.5858391e-01  -1.5991096e+00
  -6.5858391e-01  -1.6011797e+00
  -6.5858391e-01  -1.6030318e+00
  -6.5858391e-01  -1.6046823e+00
  -6.5858391e-01  -1.6061480e+00
  -6.5858391e-01  -1.6074458e+00
  -6.5858391e-01  -1.6085922e+00
  -6.5858391e-01  -1.6096025e+00
  -6.5858391e-01  -1.6104912e+00
  -6.5858391e-01  -1.6112716e+00
  -6.5858391e-01  -1.6119560e+00
  -6.5858391e-01  -1.6125553e+00
  -6.5858391e-01  -1.6130797e+00
  -6.5858391e-01  -1.6135379e+00
  -6.5858391e-01  -1.6139380e+00
  -6.5858391e-01  -1.6142871e+00
  -6.5858391e-01  -1.6145914e+00
  -6.5858391e-01  -1.6148566e+00
  -6.5858391e-01  -1.6150875e+00
  -6.5858391e-01  -1.6152886e+00
  -6.5858391e-01  -1.6154635e+00
  -6.5858391e-01  -1.6156156e+00
  -6.5858391e-01  -1.6157479e+00
  -6.5858391e-01  -1.6158628e+00
  -6.5858391e-01  -1.6159627e+00
  -6.5858391e-01  -1.6160495e+00
  -6.5858391e-01  -1.6161248e+00
  -6.5858391e-01  -1.6161903e+00
  -6.5858391e-01  -1.6162471e+00
  -6.5858391e-01  -1.6162964e+00
  -6.5858391e-01  -1.6163392e+00
  -6.5858391e-01  -1.6163764e+00
  -6.5858391e-01  -1.6164086e+00
  -6.5858391e-01  -1.6164366e+00
  -6.5858391e-01  -1.6164609e+00
  -1.2860263e-01  -1.6164819e+00
  -1.2860263e-01  -1.6165002e+00
  -1.2860263e-01  -1.6165160e+00
  -1.2860263e-01  -1.5899552e+00
  -1.2860263e-01  -1.5241149e+00
  -1.2860263e-01  -1.4361097e+00
  -1.2860263e-01  -1.3382082e+00
  -1.2860263e-01  -1.2385812e+00
  -1.2860263e-01  -1.1422934e+00
  -1.2860263e-01  -1.0522173e+00
  -1.2860263e-01  -9.6975856e-01
  -1.2860263e-01  -8.9538630e-01
  -1.2860263e-01  -8.2900123e-01
  -1.2860263e-01  -7.7018079e-01
  -1.2860263e-01  -7.1833726e-01
  -1.2860263e-01  -6.7281652e-01
  -1.2860263e-01  -6.3295744e-01
  -1.2860263e-01  -5.9812579e-01
  -1.2860263e-01  -5.6773215e-01
  -1.2860263e-01  -5.4123973e-01
  -1.2860263e-01  -5.1816633e-01
  -1.2860263e-01  -4.9808284e-01
  -1.2860263e-01  -4.8060986e-01
  -1.2860263e-01  -4.6541349e-01
  -1.2860263e-01  -4.5220089e-01
  -1.2860263e-01  -4.4071574e-01
  -1.2860263e-01  -4.3073415e-01
  -1.2860263e-01  -4.2206075e-01
  -1.2860263e-01  -4.1452522e-01
  -1.2860263e-01  -4.0797917e-01
  -1.2860263e-01  -4.0229339e-01
  -1.2860263e-01  -3.9735541e-01
  -1.2860263e-01  -3.9306737e-01
  -1.2860263e-01  -3.8934410e-01
  -1.2860263e-01  -3.8611156e-01
  -1.2860263e-01  -3.8330534e-01
  -1.2860263e-01  -3.8086945e-01
  -1.2860263e-01  -3.7875519e-01
  -1.2860263e-01  -3.7692027e-01
  -1.2860263e-01  -3.7532789e-01
  -1.2860263e-01  -3.7394612e-01
  -1.2860263e-01  -3.7274717e-01
  -1.2860263e-01  -3.7170693e-01
  -1.2860263e-01  -3.7080446e-01
  -1.2860263e-01  -3.7002155e-01
  -1.2860263e-01  -3.6934240e-01
  -1.2860263e-01  -3.6875329e-01
  -1.2860263e-01  -3.6824231e-01
  -1.2860263e-01  -3.6779912e-01
  -1.2860263e-01  -3.6741475e-01
   8.4675928e-01  -3.6708139e-01
   8.4675928e-01  -3.6679229e-01
   8.4675928e-01  -3.6654158e-01
   8.4675928e-01  -3.3823842e-01
   8.4675928e-01  -2.6974429e-01
   8.4675928e-01  -1.8114410e-01
   8.4675928e-01  -8.6453201e-02
   8.4675928e-01   5.7531388e-03
   8.4675928e-01   9.0904536e-02
   8.4675928e-01   1.6704537e-01
   8.4675928e-01   2.3377360e-01
   8.4675928e-01   2.9152493e-01
   8.4675928e-01   3.4112835e-01
   8.4675928e-01   3.8354828e-01
   8.4675928e-01   4.1974547e-01
   8.4675928e-01   4.5060904e-01
   8.4675928e-01   4.7692902e-01
   8.4675928e-01   4.9939088e-01
   8.4675928e-01   5.1858092e-01
   8.4675928e-01   5.3499643e-01
   8.4675928e-01   5.4905727e-01
   8.4675928e-01   5.6111723e-01
   8.4675928e-01   5.7147426e-01
   8.4675928e-01   5.8037948e-01
   8.4675928e-01   5.8804486e-01
   8.4675928e-01   5.9464960e-01
   8.4675928e-01   6.0034557e-01
   8.4675928e-01   6.0526171e-01
   8.4675928e-01   6.0950776e-01
   8.4675928e-01   6.1317729e-01
   8.4675928e-01   6.1635027e-01
   8.4675928e-01   6.1909514e-01
   8.4675928e-01   6.2147059e-01
   8.4675928e-01   6.2352704e-01
   8.4675928e-01   6.2530782e-01
   8.4675928e-01   6.2685026e-01
   8.4675928e-01   6.2818653e-01
   8.4675928e-01   6.2934438e-01
   8.4675928e-01   6.3034776e-01
   8.4675928e-01   6.3121739e-01
   8.4675928e-01   6.3197116e-01
   8.4675928e-01   6.3262456e-01
   8.4675928e-01   6.3319099e-01
   8.4675928e-01   6.3368204e-01
   8.4675928e-01   6.3410776e-01
   8.4675928e-01   6.3447686e-01
   8.4675928e-01   6.3479687e-01
   8.4675928e-01   6.3507432e-01
   8.4675928e-01   6.3531488e-01
   8.4675928e-01   6.3552345e-01
  -6.3036736e-01   6.3570429e-01
  -6.3036736e-01   6.3586108e-01
  -6.3036736e-01   6.3599702e-01
  -6.3036736e-01   6.2473679e-01
  -6.3036736e-01   5.9453853e-01
  -6.3036736e-01   5.4883626e-01
  -6.3036736e-01   4.8952444e-01
  -6.3036736e-01   4.1798384e-01
  -6.3036736e-01   3.3555531e-01
  -6.3036736e-01   2.4374309e-01
  -6.3036736e-01   1.4426739e-01
  -6.3036736e-01   3.9028641e-02
  -6.3036736e-01  -6.9976124e-02
  -6.3036736e-01  -1.8075508e-01
  -6.3036736e-01  -2.9142032e-01
  -6.3036736e-01  -4.0026953e-01
  -6.3036736e-01  -5.0584333e-01
  -6.3036736e-01  -6.0695690e-01
  -6.3036736e-01  -7.0270787e-01
  -6.3036736e-01  -7.9246535e-01
  -6.3036736e-01  -8.7584527e-01
  -6.3036736e-01  -9.5267753e-01
  -6.3036736e-01  -1.0229694e+00
  -6.3036736e-01  -1.0868688e+00
  -6.3036736e-01  -1.1446297e+00
  -6.3036736e-01  -1.1965813e+00
  -6.3036736e-01  -1.2431018e+00
  -6.3036736e-01  -1.2845968e+00
  -6.3036736e-01  -1.3214821e+00
  -6.3036736e-01  -1.3541705e+00
  -6.3036736e-01  -1.3830624e+00
  -6.3036736e-01  -1.4085389e+00
  -6.3036736e-01  -1.4309573e+00
  -6.3036736e-01  -1.4506489e+00
  -6.3036736e-01  -1.4679179e+00
  -6.3036736e-01  -1.4830410e+00
  -6.3036736e-01  -1.4962687e+00
  -6.3036736e-01  -1.5078259e+00
  -6.3036736e-01  -1.5179141e+00
  -6.3036736e-01  -1.5267126e+00
  -6.3036736e-01  -1.5343807e+00
  -6.3036736e-01  -1.5410593e+00
  -6.3036736e-01  -1.5468728e+00
  -6.3036736e-01  -1.5519308e+00
  -6.3036736e-01  -1.5563296e+00
  -6.3036736e-01  -1.5601535e+00
  -6.3036736e-01  -1.5634767e+00
  -6.3036736e-01  -1.5663637e+00
  -6.3036736e-01  -1.5688713e+00
  -6.3036736e-01  -1.5710488e+00
   9.5949676e-01  -1.5729392e+00
   9.5949676e-01  -1.5745801e+00
   9.5949676e-01  -1.5760043e+00
   9.5949676e-01  -1.4985030e+00
   9.5949676e-01  -1.3113425e+00
   9.5949676e-01  -1.0757326e+00
   9.5949676e-01  -8.3298805e-01
   9.5949676e-01  -6.0619077e-01
   9.5949676e-01  -4.0559936e-01
   9.5949676e-01  -2.3380083e-01
   9.5949676e-01  -8.9397153e-02
   9.5949676e-01   3.0727300e-02
   9.5949676e-01   1.3015821e-01
   9.5949676e-01   2.1233786e-01
   9.5949676e-01   2.8031003e-01
   9.5949676e-01   3.3665122e-01
   9.5949676e-01   3.8348973e-01
   9.5949676e-01   4.2256002e-01
   9.5949676e-01   4.5526588e-01
   9.5949676e-01   4.8274062e-01
   9.5949676e-01   5.0589931e-01
   9.5949676e-01   5.2548236e-01
   9.5949676e-01   5.4209083e-01
   9.5949676e-01   5.5621461e-01
   9.5949676e-01   5.6825477e-01
   9.5949676e-01   5.7854116e-01
   9.5949676e-01   5.8734639e-01
   9.5949676e-01   5.9489675e-01
   9.5949676e-01   6.0138091e-01
   9.5949676e-01   6.0695686e-01
   9.5949676e-01   6.1175739e-01
   9.5949676e-01   6.1589452e-01
   9.5949676e-01   6.1946307e-01
   9.5949676e-01   6.2254352e-01
   9.5949676e-01   6.2520437e-01
   9.5949676e-01   6.2750407e-01
   9.5949676e-01   6.2949261e-01
   9.5949676e-01   6.3121280e-01
   9.5949676e-01   6.3270138e-01
   9.5949676e-01   6.3398992e-01
   9.5949676e-01   6.3510559e-01
   9.5949676e-01   6.3607179e-01
   9.5949676e-01   6.3690870e-01
   9.5949676e-01   6.3763373e-01
   9.5949676e-01   6.3826192e-01
   9.5949676e-01   6.3880626e-01
   9.5949676e-01   6.3927798e-01
   9.5949676e-01   6.3968681e-01
   9.5949676e-01   6.4004115e-01
   9.5949676e-01   6.4034828e-01
  -7.7776155e-01   6.4061451e-01
  -7.7776155e-01   6.4084528e-01
  -7.7776155e-01   6.4104532e-01
  -7.7776155e-01   6.2962651e-01
  -7.7776155e-01   5.9885662e-01
  -7.7776155e-01   5.5212530e-01
  -7.7776155e-01   4.9123880e-01
  -7.7776155e-01   4.1748759e-01
  -7.7776155e-01   3.3214308e-01
  -7.7776155e-01   2.3667488e-01
  -7.7776155e-01   1.3281014e-01
  -7.7776155e-01   2.2498234e-02
  -7.7776155e-01  -9.2177763e-02
  -7.7776155e-01  -2.0911172e-01
  -7.7776155e-01  -3.2628392e-01
  -7.7776155e-01  -4.4185366e-01
  -7.7776155e-01  -5.5422646e-01
  -7.7776155e-01  -6.6209333e-01
  -7.7776155e-01  -7.6444406e-01
  -7.7776155e-01  -8.6055908e-01
  -7.7776155e-01  -9.4998579e-01
  -7.7776155e-01  -1.0325050e+00
  -7.7776155e-01  -1.1080928e+00
  -7.7776155e-01  -1.1768809e+00
  -7.7776155e-01  -1.2391201e+00
  -7.7776155e-01  -1.2951464e+00
  -7.7776155e-01  -1.3453523e+00
  -7.7776155e-01  -1.3901634e+00
  -7.7776155e-01  -1.4300187e+00
  -7.7776155e-01  -1.4653565e+00
  -7.7776155e-01  -1.4966034e+00
  -7.7776155e-01  -1.5241667e+00
  -7.7776155e-01  -1.5484294e+00
  -7.7776155e-01  -1.5697470e+00
  -7.7776155e-01  -1.5884465e+00
  -7.7776155e-01  -1.6048259e+00
  -7.7776155e-01  -1.6191551e+00
  -7.7776155e-01  -1.6316767e+00
  -7.7776155e-01  -1.6426083e+00
  -7.7776155e-01  -1.6521435e+00
  -7.7776155e-01  -1.6604546e+00
  -7.7776155e-01  -1.6676939e+00
  -7.7776155e-01  -1.6739960e+00
  -7.7776155e-01  -1.6794794e+00
  -7.7776155e-01  -1.6842484e+00
  -7.7776155e-01  -1.6883945e+00
  -7.7776155e-01  -1.6919977e+00
  -7.7776155e-01  -1.6951283e+00
  -7.7776155e-01  -1.6978474e+00
  -7.7776155e-01  -1.7002086e+00
  -1.8256031e-01  -1.7022586e+00
  -1.8256031e-01  -1.7040382e+00
  -1.8256031e-01  -1.7055826e+00
  -1.8256031e-01  -1.6828147e+00
  -1.8256031e-01  -1.6240686e+00
  -1.8256031e-01  -1.5446553e+00
  -1.8256031e-01  -1.4555966e+00
  -1.8256031e-01  -1.3643162e+00
  -1.8256031e-01  -1.2755019e+00
  -1.8256031e-01  -1.1918916e+00
  -1.8256031e-01  -1.1148990e+00
  -1.8256031e-01  -1.0450758e+00
  -1.8256031e-01  -9.8243691e-01
  -1.8256031e-01  -9.2668032e-01
  -1.8256031e-01  -8.7733221e-01
  -1.8256031e-01  -8.3383964e-01
  -1.8256031e-01  -7.9562804e-01
  -1.8256031e-01  -7.6213550e-01
  -1.8256031e-01  -7.3283201e-01
  -1.8256031e-01  -7.0722905e-01
  -1.8256031e-01  -6.8488339e-01
  -1.8256031e-01  -6.6539720e-01
  -1.8256031e-01  -6.4841612e-01
  -1.8256031e-01  -6.3362630e-01
  -1.8256031e-01  -6.2075091e-01
  -1.8256031e-01  -6.0954647e-01
  -1.8256031e-01  -5.9979939e-01
  -1.8256031e-01  -5.9132255e-01
  -1.8256031e-01  -5.8395233e-01
  -1.8256031e-01  -5.7754572e-01
  -1.8256031e-01  -5.7197790e-01
  -1.8256031e-01  -5.6713998e-01
  -1.8256031e-01  -5.6293701e-01
  -1.8256031e-01  -5.5928624e-01
  -1.8256031e-01  -5.5611560e-01
  -1.8256031e-01  -5.5336234e-01
  -1.8256031e-01  -5.5097182e-01
  -1.8256031e-01  -5.4889650e-01
  -1.8256031e-01  -5.4709502e-01
  -1.8256031e-01  -5.4553142e-01
  -1.8256031e-01  -5.4417442e-01
  -1.8256031e-01  -5.4299683e-01
  -1.8256031e-01  -5.4197501e-01
  -1.8256031e-01  -5.4108843e-01
  -1.8256031e-01  -5.4031924e-01
  -1.8256031e-01  -5.3965195e-01
  -1.8256031e-01  -5.3907309e-01
  -1.8256031e-01  -5.3857098e-01
  -1.8256031e-01  -5.3813546e-01
  -1.8256031e-01  -5.3775772e-01
  -4.7557650e-01  -5.3743010e-01
  -4.7557650e-01  -5.3714598e-01
  -4.7557650e-01  -5.3689957e-01
  -4.7557650e-01  -5.4690763e-01
  -4.7557650e-01  -5.7280966e-01
  -4.7557650e-01  -6.0931606e-01
  -4.7557650e-01  -6.5261609e-01
  -4.7557650e-01  -6.9988660e-01
  -4.7557650e-01  -7.4900708e-01
  -4.7557650e-01  -7.9838373e-01
  -4.7557650e-01  -8.4683266e-01
  -4.7557650e-01  -8.9349608e-01
  -4.7557650e-01  -9.3777778e-01
  -4.7557650e-01  -9.7929089e-01
  -4.7557650e-01  -1.0178144e+00
  -4.7557650e-01  -1.0532565e+00
  -4.7557650e-01  -1.0856237e+00
  -4.7557650e-01  -1.1149949e+00
  -4.7557650e-01  -1.1415006e+00
  -4.7557650e-01  -1.1653055e+00
  -4.7557650e-01  -1.1865953e+00
  -4.7557650e-01  -1.2055656e+00
  -4.7557650e-01  -1.2224149e+00
  -4.7557650e-01  -1.2373378e+00
  -4.7557650e-01  -1.2505217e+00
  -4.7557650e-01  -1.2621438e+00
  -4.7557650e-01  -1.2723693e+00
  -4.7557650e-01  -1.2813507e+00
  -4.7557650e-01  -1.2892276e+00
  -4.7557650e-01  -1.2961265e+00
  -4.7557650e-01  -1.3021620e+00
  -4.7557650e-01  -1.3074364e+00
  -4.7557650e-01  -1.3120417e+00
  -4.7557650e-01  -1.3160595e+00
  -4.7557650e-01  -1.3195621e+00
  -4.7557650e-01  -1.3226138e+00
  -4.7557650e-01  -1.3252710e+00
  -4.7557650e-01  -1.3275836e+00
  -4.7557650e-01  -1.3295955e+00
  -4.7557650e-01  -1.3313450e+00
  -4.7557650e-01  -1.3328658e+00
  -4.7557650e-01  -1.3341875e+00
  -4.7557650e-01  -1.3353357e+00
  -4.7557650e-01  -1.3363331e+00
  -4.7557650e-01  -1.3371992e+00
  -4.7557650e-01  -1.3379511e+00
  -4.7557650e-01  -1.3386039e+00
  -4.7557650e-01  -1.3391705e+00
  -4.7557650e-01  -1.3396622e+00
  -4.7557650e-01  -1.3400888e+00
   4.2243156e-01  -1.3404590e+00
   4.2243156e-01  -1.3407802e+00
   4.2243156e-01  -1.3410588e+00
   4.2243156e-01  -1.2813921e+00
   4.2243156e-01  -1.1371642e+00
   4.2243156e-01  -9.5313743e-01
   4.2243156e-01  -7.6005536e-01
   4.2243156e-01  -5.7591140e-01
   4.2243156e-01  -4.0951022e-01
   4.2243156e-01  -2.6390682e-01
   4.2243156e-01  -1.3895327e-01
   4.2243156e-01  -3.2940879e-02
   4.2243156e-01   5.6438078e-02
   4.2243156e-01   1.3157414e-01
   4.2243156e-01   1.9469173e-01
   4.2243156e-01   2.4774997e-01
   4.2243156e-01   2.9242179e-01
   4.2243156e-01   3.3011048e-01
   4.2243156e-01   3.6198134e-01
   4.2243156e-01   3.8899713e-01
   4.2243156e-01   4.1195171e-01
   4.2243156e-01   4.3149980e-01
   4.2243156e-01   4.4818228e-01
   4.2243156e-01   4.6244704e-01
   4.2243156e-01   4.7466613e-01
   4.2243156e-01   4.8514964e-01
   4.2243156e-01   4.9415691e-01
   4.2243156e-01   5.0190560e-01
   4.2243156e-01   5.0857897e-01
   4.2243156e-01   5.1433186e-01
   4.2243156e-01   5.1929543e-01
   4.2243156e-01   5.2358114e-01
   4.2243156e-01   5.2728392e-01
   4.2243156e-01   5.3048482e-01
   4.2243156e-01   5.3325316e-01
   4.2243156e-01   5.3564835e-01
   4.2243156e-01   5.3772142e-01
   4.2243156e-01   5.3951619e-01
   4.2243156e-01   5.4107042e-01
   4.2243156e-01   5.4241662e-01
   4.2243156e-01   5.4358285e-01
   4.2243156e-01   5.4459330e-01
   4.2243156e-01   5.4546889e-01
   4.2243156e-01   5.4622770e-01
   4.2243156e-01   5.4688535e-01
   4.2243156e-01   5.4745538e-01
   4.2243156e-01   5.4794948e-01
   4.2243156e-01   5.4837779e-01
   4.2243156e-01   5.4874907e-01
   4.2243156e-01   5.4907094e-01
  -7.6516470e-01   5.4934997e-01
  -7.6516470e-01   5.4959187e-01
  -7.6516470e-01   5.4980158e-01
  -7.6516470e-01   5.3711742e-01
  -7.6516470e-01   5.0317333e-01
  -7.6516470e-01   4.5218154e-01
  -7.6516470e-01   3.8663868e-01
  -7.6516470e-01   3.0842528e-01
  -7.6516470e-01   2.1930493e-01
  -7.6516470e-01   1.2113038e-01
  -7.6516470e-01   1.5891479e-02
  -7.6516470e-01  -9.4323884e-02
  -7.6516470e-01  -2.0741140e-01
  -7.6516470e-01  -3.2134437e-01
  -7.6516470e-01  -4.3425989e-01
  -7.6516470e-01  -5.4452557e-01
  -7.6516470e-01  -6.5078164e-01
  -7.6516470e-01  -7.5195858e-01
  -7.6516470e-01  -8.4727360e-01
  -7.6516470e-01  -9.3621100e-01
  -7.6516470e-01  -1.0184918e+00
  -7.6516470e-01  -1.0940375e+00
  -7.6516470e-01  -1.1629322e+00
  -7.6516470e-01  -1.2253858e+00
  -7.6516470e-01  -1.2817006e+00
  -7.6516470e-01  -1.3322420e+00
  -7.6516470e-01  -1.3774140e+00
  -7.6516470e-01  -1.4176393e+00
  -7.6516470e-01  -1.4533441e+00
  -7.6516470e-01  -1.4849463e+00
  -7.6516470e-01  -1.5128472e+00
  -7.6516470e-01  -1.5374261e+00
  -7.6516470e-01  -1.5590364e+00
  -7.6516470e-01  -1.5780044e+00
  -7.6516470e-01  -1.5946282e+00
  -7.6516470e-01  -1.6091782e+00
  -7.6516470e-01  -1.6218984e+00
  -7.6516470e-01  -1.6330076e+00
  -7.6516470e-01  -1.6427012e+00
  -7.6516470e-01  -1.6511529e+00
  -7.6516470e-01  -1.6585166e+00
  -7.6516470e-01  -1.6649287e+00
  -7.6516470e-01  -1.6705090e+00
  -7.6516470e-01  -1.6753633e+00
  -7.6516470e-01  -1.6795841e+00
  -7.6516470e-01  -1.6832530e+00
  -7.6516470e-01  -1.6864409e+00
  -7.6516470e-01  -1.6892103e+00
  -7.6516470e-01  -1.6916154e+00
  -7.6516470e-01  -1.6937037e+00
  -3.6244340e-01  -1.6955166e+00
  -3.6244340e-01  -1.6970902e+00
  -3.6244340e-01  -1.6984558e+00
  -3.6244340e-01  -1.6884640e+00
  -3.6244340e-01  -1.6614844e+00
  -3.6244340e-01  -1.6242369e+00
  -3.6244340e-01  -1.5815900e+00
  -3.6244340e-01  -1.5369352e+00
  -3.6244340e-01  -1.4925428e+00
  -3.6244340e-01  -1.4498620e+00
  -3.6244340e-01  -1.4097579e+00
  -3.6244340e-01  -1.3726898e+00
  -3.6244340e-01  -1.3388422e+00
  -3.6244340e-01  -1.3082194e+00
  -3.6244340e-01  -1.2807111e+00
  -3.6244340e-01  -1.2561391e+00
  -3.6244340e-01  -1.2342880e+00
  -3.6244340e-01  -1.2149269e+00
  -3.6244340e-01  -1.1978230e+00
  -3.6244340e-01  -1.1827501e+00
  -3.6244340e-01  -1.1694944e+00
  -3.6244340e-01  -1.1578570e+00
  -3.6244340e-01  -1.1476553e+00
  -3.6244340e-01  -1.1387235e+00
  -3.6244340e-01  -1.1309122e+00
  -3.6244340e-01  -1.1240872e+00
  -3.6244340e-01  -1.1181289e+00
  -3.6244340e-01  -1.1129311e+00
  -3.6244340e-01  -1.1083997e+00
  -3.6244340e-01  -1.1044514e+00
  -3.6244340e-01  -1.1010130e+00
  -3.6244340e-01  -1.0980200e+00
  -3.6244340e-01  -1.0954157e+00
  -3.6244340e-01  -1.0931505e+00
  -3.6244340e-01  -1.0911809e+00
  -3.6244340e-01  -1.0894688e+00
  -3.6244340e-01  -1.0879809e+00
  -3.6244340e-01  -1.0866882e+00
  -3.6244340e-01  -1.0855653e+00
  -3.6244340e-01  -1.0845901e+00
  -3.6244340e-01  -1.0837433e+00
  -3.6244340e-01  -1.0830081e+00
  -3.6244340e-01  -1.0823700e+00
  -3.6244340e-01  -1.0818161e+00
  -3.6244340e-01  -1.0813354e+00
  -3.6244340e-01  -1.0809183e+00
  -3.6244340e-01  -1.0805564e+00
  -3.6244340e-01  -1.0802424e+00
  -3.6244340e-01  -1.0799700e+00
  -3.6244340e-01  -1.0797337e+00
   1.5716569e-02  -1.0795288e+00
   1.5716569e-02  -1.0793510e+00
   1.5716569e-02  -1.0791968e+00
   1.5716569e-02  -1.0540813e+00
   1.5716569e-02  -9.9226923e-01
   1.5716569e-02  -9.1017787e-01
   1.5716569e-02  -8.1952889e-01
   1.5716569e-02  -7.2801721e-01
   1.5716569e-02  -6.4029551e-01
   1.5716569e-02  -5.5889610e-01
   1.5716569e-02  -4.8496053e-01
   1.5716569e-02  -4.1876661e-01
   1.5716569e-02  -3.6008694e-01
   1.5716569e-02  -3.0842250e-01
   1.5716569e-02  -2.6314895e-01
   1.5716569e-02  -2.2360482e-01
   1.5716569e-02  -1.8914211e-01
   1.5716569e-02  -1.5915334e-01
   1.5716569e-02  -1.3308412e-01
   1.5716569e-02  -1.1043717e-01
   1.5716569e-02  -9.0771537e-02
   1.5716569e-02  -7.3699155e-02
   1.5716569e-02  -5.8880282e-02
   1.5716569e-02  -4.6018488e-02
   1.5716569e-02  -3.4855718e-02
   1.5716569e-02  -2.5167655e-02
   1.5716569e-02  -1.6759481e-02
   1.5716569e-02  -9.4620880e-03
   1.5716569e-02  -3.1287233e-03
   1.5716569e-02   2.3679508e-03
   1.5716569e-02   7.1384253e-03
   1.5716569e-02   1.1278579e-02
   1.5716569e-02   1.4871616e-02
   1.5716569e-02   1.7989751e-02
   1.5716569e-02   2.0695663e-02
   1.5716569e-02   2.3043762e-02
   1.5716569e-02   2.5081279e-02
   1.5716569e-02   2.6849217e-02
   1.5716569e-02   2.8383176e-02
   1.5716569e-02   2.9714060e-02
   1.5716569e-02   3.0868699e-02
   1.5716569e-02   3.1870386e-02
   1.5716569e-02   3.2739344e-02
   1.5716569e-02   3.3493125e-02
   1.5716569e-02   3.4146967e-02
   1.5716569e-02   3.4714097e-02
   1.5716569e-02   3.5205994e-02
   1.5716569e-02   3.5632623e-02
   1.5716569e-02   3.6002630e-02
   1.5716569e-02   3.6323519e-02
