   5.6050414e-01   0.0000000e+00
   5.6050414e-01   0.0000000e+00
   5.6050414e-01   0.0000000e+00
   5.6050414e-01   1.4219288e-02
   5.6050414e-01   4.9201229e-02
   5.6050414e-01   9.5384203e-02
   5.6050414e-01   1.4597392e-01
   5.6050414e-01   1.9658520e-01
   5.6050414e-01   2.4464477e-01
   5.6050414e-01   2.8882290e-01
   5.6050414e-01   3.2858618e-01
   5.6050414e-01   3.6387970e-01
   5.6050414e-01   3.9491542e-01
   5.6050414e-01   4.2203826e-01
   5.6050414e-01   4.4564502e-01
   5.6050414e-01   4.6613762e-01
   5.6050414e-01   4.8389803e-01
   5.6050414e-01   4.9927604e-01
   5.6050414e-01   5.1258488e-01
   5.6050414e-01   5.2410099e-01
   5.6050414e-01   5.3406613e-01
   5.6050414e-01   5.4269045e-01
   5.6050414e-01   5.5015597e-01
   5.6050414e-01   5.5661998e-01
   5.6050414e-01   5.6221828e-01
   5.6050414e-01   5.6706799e-01
   5.6050414e-01   5.7127018e-01
   5.6050414e-01   5.7491205e-01
   5.6050414e-01   5.7806889e-01
   5.6050414e-01   5.8080571e-01
   5.6050414e-01   5.8317870e-01
   5.6050414e-01   5.8523646e-01
   5.6050414e-01   5.8702100e-01
   5.6050414e-01   5.8856870e-01
   5.6050414e-01   5.8991106e-01
   5.6050414e-01   5.9107536e-01
   5.6050414e-01   5.9208524e-01
   5.6050414e-01   5.9296119e-01
   5.6050414e-01   5.9372098e-01
   5.6050414e-01   5.9438001e-01
   5.6050414e-01   5.9495162e-01
   5.6050414e-01   5.9544742e-01
   5.6050414e-01   5.9587744e-01
   5.6050414e-01   5.9625041e-01
   5.6050414e-01   5.9657388e-01
   5.6050414e-01   5.9685442e-01
   5.6050414e-01   5.9709773e-01
   5.6050414e-01   5.9730873e-01
   5.6050414e-01   5.9749171e-01
   5.6050414e-01   5.9765039e-01
  -5.1661743e-01   5.9778800e-01
  -5.1661743e-01   5.9790732e-01
  -5.1661743e-01   5.9801079e-01
  -5.1661743e-01   5.8661220e-01
  -5.1661743e-01   5.5623351e-01
  -5.1661743e-01   5.1062924e-01
  -5.1661743e-01   4.5202528e-01
  -5.1661743e-01   3.8209926e-01
  -5.1661743e-01   3.0242561e-01
  -5.1661743e-01   2.1465928e-01
  -5.1661743e-01   1.2057826e-01
  -5.1661743e-01   2.2048565e-02
  -5.1661743e-01  -7.9048922e-02
  -5.1661743e-01  -1.8090251e-01
  -5.1661743e-01  -2.8184686e-01
  -5.1661743e-01  -3.8042264e-01
  -5.1661743e-01  -4.7541419e-01
  -5.1661743e-01  -5.6586530e-01
  -5.1661743e-01  -6.5107611e-01
  -5.1661743e-01  -7.3058555e-01
  -5.1661743e-01  -8.0414413e-01
  -5.1661743e-01  -8.7168167e-01
  -5.1661743e-01  -9.3327329e-01
  -5.1661743e-01  -9.8910667e-01
  -5.1661743e-01  -1.0394520e+00
  -5.1661743e-01  -1.0846360e+00
  -5.1661743e-01  -1.1250196e+00
  -5.1661743e-01  -1.1609810e+00
  -5.1661743e-01  -1.1929010e+00
  -5.1661743e-01  -1.2211533e+00
  -5.1661743e-01  -1.2460967e+00
  -5.1661743e-01  -1.2680702e+00
  -5.1661743e-01  -1.2873898e+00
  -5.1661743e-01  -1.3043472e+00
  -5.1661743e-01  -1.3192088e+00
  -5.1661743e-01  -1.3322165e+00
  -5.1661743e-01  -1.3435883e+00
  -5.1661743e-01  -1.3535199e+00
  -5.1661743e-01  -1.3621859e+00
  -5.1661743e-01  -1.3697417e+00
  -5.1661743e-01  -1.3763249e+00
  -5.1661743e-01  -1.3820573e+00
  -5.1661743e-01  -1.3870461e+00
  -5.1661743e-01  -1.3913857e+00
  -5.1661743e-01  -1.3951592e+00
  -5.1661743e-01  -1.3984391e+00
  -5.1661743e-01  -1.4012891e+00
  -5.1661743e-01  -1.4037649e+00
  -5.1661743e-01  -1.4059150e+00
  -5.1661743e-01  -1.4077820e+00
  -8.0709095e-01  -1.4094027e+00
  -8.0709095e-01  -1.4108095e+00
  -8.0709095e-01  -1.4120303e+00
  -8.0709095e-01  -1.4177027e+00
  -8.0709095e-01  -1.4303056e+00
  -8.0709095e-01  -1.4473049e+00
  -8.0709095e-01  -1.4668654e+00
  -8.0709095e-01  -1.4876624e+00
  -8.0709095e-01  -1.5087501e+00
  -8.0709095e-01  -1.5294664e+00
  -8.0709095e-01  -1.5493619e+00
  -8.0709095e-01  -1.5681466e+00
  -8.0709095e-01  -1.5856493e+00
  -8.0709095e-01  -1.6017856e+00
  -8.0709095e-01  -1.6165347e+00
  -8.0709095e-01  -1.6299197e+00
  -8.0709095e-01  -1.6419943e+00
  -8.0709095e-01  -1.6528317e+00
  -8.0709095e-01  -1.6625167e+00
  -8.0709095e-01  -1.6711398e+00
  -8.0709095e-01  -1.6787927e+00
  -8.0709095e-01  -1.6855658e+00
  -8.0709095e-01  -1.6915457e+00
  -8.0709095e-01  -1.6968141e+00
  -8.0709095e-01  -1.7014471e+00
  -8.0709095e-01  -1.7055148e+00
  -8.0709095e-01  -1.7090809e+00
  -8.0709095e-01  -1.7122034e+00
  -8.0709095e-01  -1.7149345e+00
  -8.0709095e-01  -1.7173208e+00
  -8.0709095e-01  -1.7194041e+00
  -8.0709095e-01  -1.7212214e+00
  -8.0709095e-01  -1.7228056e+00
  -8.0709095e-01  -1.7241859e+00
  -8.0709095e-01  -1.7253877e+00
  -8.0709095e-01  -1.7264337e+00
  -8.0709095e-01  -1.7273436e+00
  -8.0709095e-01  -1.7281350e+00
  -8.0709095e-01  -1.7288229e+00
  -8.0709095e-01  -1.7294208e+00
  -8.0709095e-01  -1.7299402e+00
  -8.0709095e-01  -1.7303914e+00
  -8.0709095e-01  -1.7307833e+00
  -8.0709095e-01  -1.7311235e+00
  -8.0709095e-01  -1.7314189e+00
  -8.0709095e-01  -1.7316753e+00
  -8.0709095e-01  -1.7318978e+00
  -8.0709095e-01  -1.7320909e+00
  -8.0709095e-01  -1.7322585e+00
  -8.0709095e-01  -1.7324038e+00
   8.8410118e-01  -1.7325299e+00
   8.8410118e-01  -1.7326393e+00
   8.8410118e-01  -1.7327342e+00
   8.8410118e-01  -1.6473975e+00
   8.8410118e-01  -1.4436344e+00
   8.8410118e-01  -1.1882490e+00
   8.8410118e-01  -9.2613417e-01
   8.8410118e-01  -6.8214834e-01
   8.8410118e-01  -4.6713665e-01
   8.8410118e-01  -2.8363021e-01
   8.8410118e-01  -1.2989560e-01
   8.8410118e-01  -2.4044364e-03
   8.8410118e-01   1.0282253e-01
   8.8410118e-01   1.8956496e-01
   8.8410118e-01   2.6114041e-01
   8.8410118e-01   3.2034086e-01
   8.8410118e-01   3.6946141e-01
   8.8410118e-01   4.1036456e-01
   8.8410118e-01   4.4455213e-01
   8.8410118e-01   4.7323239e-01
   8.8410118e-01   4.9737803e-01
   8.8410118e-01   5.1777388e-01
   8.8410118e-01   5.3505543e-01
   8.8410118e-01   5.4973945e-01
   8.8410118e-01   5.6224811e-01
   8.8410118e-01   5.7292796e-01
   8.8410118e-01   5.8206489e-01
   8.8410118e-01   5.8989586e-01
   8.8410118e-01   5.9661813e-01
   8.8410118e-01   6.0239669e-01
   8.8410118e-01   6.0737004e-01
   8.8410118e-01   6.1165489e-01
   8.8410118e-01   6.1534995e-01
   8.8410118e-01   6.1853891e-01
   8.8410118e-01   6.2129298e-01
   8.8410118e-01   6.2367286e-01
   8.8410118e-01   6.2573044e-01
   8.8410118e-01   6.2751013e-01
   8.8410118e-01   6.2905003e-01
   8.8410118e-01   6.3038288e-01
   8.8410118e-01   6.3153681e-01
   8.8410118e-01   6.3253608e-01
   8.8410118e-01   6.3340157e-01
   8.8410118e-01   6.3415133e-01
   8.8410118e-01   6.3480091e-01
   8.8410118e-01   6.3536377e-01
   8.8410118e-01   6.3585153e-01
   8.8410118e-01   6.3627424e-01
   8.8410118e-01   6.3664060e-01
   8.8410118e-01   6.3695814e-01
   1.5041719e-01   6.3723338e-01
   1.5041719e-01   6.3747196e-01
   1.5041719e-01   6.3767878e-01
   1.5041719e-01   6.3409500e-01
   1.5041719e-01   6.2458765e-01
   1.5041719e-01   6.1099434e-01
   1.5041719e-01   5.9462564e-01
   1.5041719e-01   5.7646860e-01
   1.5041719e-01   5.5729256e-01
   1.5041719e-01   5.3770624e-01
   1.5041719e-01   5.1819055e-01
   1.5041719e-01   4.9911955e-01
   1.5041719e-01   4.8077597e-01
   1.5041719e-01   4.6336417e-01
   1.5041719e-01   4.4702193e-01
   1.5041719e-01   4.3183155e-01
   1.5041719e-01   4.1783007e-01
   1.5041719e-01   4.0501876e-01
   1.5041719e-01   3.9337145e-01
   1.5041719e-01   3.8284187e-01
   1.5041719e-01   3.7336974e-01
   1.5041719e-01   3.6488590e-01
   1.5041719e-01   3.5731632e-01
   1.5041719e-01   3.5058525e-01
   1.5041719e-01   3.4461759e-01
   1.5041719e-01   3.3934064e-01
   1.5041719e-01   3.3468523e-01
   1.5041719e-01   3.3058654e-01
   1.5041719e-01   3.2698446e-01
   1.5041719e-01   3.2382386e-01
   1.5041719e-01   3.2105451e-01
   1.5041719e-01   3.1863098e-01
   1.5041719e-01   3.1651239e-01
   1.5041719e-01   3.1466217e-01
   1.5041719e-01   3.1304768e-01
   1.5041719e-01   3.1163996e-01
   1.5041719e-01   3.1041333e-01
   1.5041719e-01   3.0934514e-01
   1.5041719e-01   3.0841539e-01
   1.5041719e-01   3.0760651e-01
   1.5041719e-01   3.0690308e-01
   1.5041719e-01   3.0629157e-01
   1.5041719e-01   3.0576014e-01
   1.5041719e-01   3.0529843e-01
   1.5041719e-01   3.0489739e-01
   1.5041719e-01   3.0454912e-01
   1.5041719e-01   3.0424675e-01
   1.5041719e-01   3.0398427e-01
   1.5041719e-01   3.0375645e-01
   1.5041719e-01   3.0355873e-01
  -5.3044017e-01   3.0338718e-01
  -5.3044017e-01   3.0323833e-01
  -5.3044017e-01   3.0310919e-01
  -5.3044017e-01   2.8915730e-01
  -5.3044017e-01   2.5290281e-01
  -5.3044017e-01   1.9994897e-01
  -5.3044017e-01   1.3408349e-01
  -5.3044017e-01   5.8240111e-02
  -5.3044017e-01  -2.5067203e-02
  -5.3044017e-01  -1.1356468e-01
  -5.3044017e-01  -2.0516463e-01
  -5.3044017e-01  -2.9796947e-01
  -5.3044017e-01  -3.9029658e-01
  -5.3044017e-01  -4.8070374e-01
  -5.3044017e-01  -5.6800482e-01
  -5.3044017e-01  -6.5127230e-01
  -5.3044017e-01  -7.2982698e-01
  -5.3044017e-01  -8.0321729e-01
  -5.3044017e-01  -8.7119173e-01
  -5.3044017e-01  -9.3366763e-01
  -5.3044017e-01  -9.9069909e-01
  -5.3044017e-01  -1.0424463e+00
  -5.3044017e-01  -1.0891478e+00
  -5.3044017e-01  -1.1310960e+00
  -5.3044017e-01  -1.1686167e+00
  -5.3044017e-01  -1.2020531e+00
  -5.3044017e-01  -1.2317524e+00
  -5.3044017e-01  -1.2580560e+00
  -5.3044017e-01  -1.2812930e+00
  -5.3044017e-01  -1.3017749e+00
  -5.3044017e-01  -1.3197925e+00
  -5.3044017e-01  -1.3356148e+00
  -5.3044017e-01  -1.3494880e+00
  -5.3044017e-01  -1.3616356e+00
  -5.3044017e-01  -1.3722597e+00
  -5.3044017e-01  -1.3815416e+00
  -5.3044017e-01  -1.3896435e+00
  -5.3044017e-01  -1.3967095e+00
  -5.3044017e-01  -1.4028677e+00
  -5.3044017e-01  -1.4082314e+00
  -5.3044017e-01  -1.4129005e+00
  -5.3044017e-01  -1.4169629e+00
  -5.3044017e-01  -1.4204960e+00
  -5.3044017e-01  -1.4235675e+00
  -5.3044017e-01  -1.4262370e+00
  -5.3044017e-01  -1.4285562e+00
  -5.3044017e-01  -1.4305707e+00
  -5.3044017e-01  -1.4323201e+00
  -5.3044017e-01  -1.4338389e+00
  -5.3044017e-01  -1.4351574e+00
   6.4238808e-01  -1.4363017e+00
   6.4238808e-01  -1.4372948e+00
   6.4238808e-01  -1.4381564e+00
   6.4238808e-01  -1.3691950e+00
   6.4238808e-01  -1.2026373e+00
   6.4238808e-01  -9.9185143e-01
   6.4238808e-01  -7.7311427e-01
   6.4238808e-01  -5.6707653e-01
   6.4238808e-01  -3.8328834e-01
   6.4238808e-01  -2.2453743e-01
   6.4238808e-01  -8.9997064e-02
   6.4238808e-01   2.2800630e-02
   6.4238808e-01   1.1685097e-01
   6.4238808e-01   1.9510889e-01
   6.4238808e-01   2.6023698e-01
   6.4238808e-01   3.1452293e-01
   6.4238808e-01   3.5988043e-01
   6.4238808e-01   3.9788634e-01
   6.4238808e-01   4.2982953e-01
   6.4238808e-01   4.5675980e-01
   6.4238808e-01   4.7953169e-01
   6.4238808e-01   4.9884176e-01
   6.4238808e-01   5.1525928e-01
   6.4238808e-01   5.2925112e-01
   6.4238808e-01   5.4120164e-01
   6.4238808e-01   5.5142861e-01
   6.4238808e-01   5.6019586e-01
   6.4238808e-01   5.6772333e-01
   6.4238808e-01   5.7419512e-01
   6.4238808e-01   5.7976590e-01
   6.4238808e-01   5.8456610e-01
   6.4238808e-01   5.8870604e-01
   6.4238808e-01   5.9227933e-01
   6.4238808e-01   5.9536563e-01
   6.4238808e-01   5.9803286e-01
   6.4238808e-01   6.0033906e-01
   6.4238808e-01   6.0233397e-01
   6.4238808e-01   6.0406023e-01
   6.4238808e-01   6.0555448e-01
   6.4238808e-01   6.0684825e-01
   6.4238808e-01   6.0796869e-01
   6.4238808e-01   6.0893920e-01
   6.4238808e-01   6.0977997e-01
   6.4238808e-01   6.1050845e-01
   6.4238808e-01   6.1113971e-01
   6.4238808e-01   6.1168676e-01
   6.4238808e-01   6.1216088e-01
   6.4238808e-01   6.1257182e-01
   6.4238808e-01   6.1292802e-01
   6.4238808e-01   6.1323677e-01
  -9.1395240e-01   6.1350442e-01
  -9.1395240e-01   6.1373643e-01
  -9.1395240e-01   6.1393756e-01
  -9.1395240e-01   6.0195046e-01
  -9.1395240e-01   5.6970618e-01
  -9.1395240e-01   5.2085193e-01
  -9.1395240e-01   4.5738418e-01
  -9.1395240e-01   3.8075141e-01
  -9.1395240e-01   2.9236421e-01
  -9.1395240e-01   1.9381519e-01
  -9.1395240e-01   8.6936610e-02
  -9.1395240e-01  -2.6237552e-02
  -9.1395240e-01  -1.4356171e-01
  -9.1395240e-01  -2.6288915e-01
  -9.1395240e-01  -3.8217959e-01
  -9.1395240e-01  -4.9958871e-01
  -9.1395240e-01  -6.1353155e-01
  -9.1395240e-01  -7.2271787e-01
  -9.1395240e-01  -8.2616192e-01
  -9.1395240e-01  -9.2317135e-01
  -9.1395240e-01  -1.0133213e+00
  -9.1395240e-01  -1.0964190e+00
  -9.1395240e-01  -1.1724650e+00
  -9.1395240e-01  -1.2416128e+00
  -9.1395240e-01  -1.3041318e+00
  -9.1395240e-01  -1.3603739e+00
  -9.1395240e-01  -1.4107451e+00
  -9.1395240e-01  -1.4556816e+00
  -9.1395240e-01  -1.4956313e+00
  -9.1395240e-01  -1.5310396e+00
  -9.1395240e-01  -1.5623386e+00
  -9.1395240e-01  -1.5899400e+00
  -9.1395240e-01  -1.6142301e+00
  -9.1395240e-01  -1.6355672e+00
  -9.1395240e-01  -1.6542803e+00
  -9.1395240e-01  -1.6706689e+00
  -9.1395240e-01  -1.6850041e+00
  -9.1395240e-01  -1.6975294e+00
  -9.1395240e-01  -1.7084630e+00
  -9.1395240e-01  -1.7179992e+00
  -9.1395240e-01  -1.7263103e+00
  -9.1395240e-01  -1.7335492e+00
  -9.1395240e-01  -1.7398505e+00
  -9.1395240e-01  -1.7453330e+00
  -9.1395240e-01  -1.7501010e+00
  -9.1395240e-01  -1.7542460e+00
  -9.1395240e-01  -1.7578482e+00
  -9.1395240e-01  -1.7609777e+00
  -9.1395240e-01  -1.7636959e+00
  -9.1395240e-01  -1.7660562e+00
   2.9823095e-01  -1.7681054e+00
   2.9823095e-01  -1.7698842e+00
   2.9823095e-01  -1.7714280e+00
   2.9823095e-01  -1.7013701e+00
   2.9823095e-01  -1.5303644e+00
   2.9823095e-01  -1.3118049e+00
   2.9823095e-01  -1.0823911e+00
   2.9823095e-01  -8.6360223e-01
   2.9823095e-01  -6.6594137e-01
   2.9823095e-01  -4.9304530e-01
   2.9823095e-01  -3.4472881e-01
   2.9823095e-01  -2.1894717e-01
   2.9823095e-01  -1.1294443e-01
   2.9823095e-01  -2.3868899e-02
   2.9823095e-01   5.0930593e-02
   2.9823095e-01   1.1378723e-01
   2.9823095e-01   1.6669197e-01
   2.9823095e-01   2.1131377e-01
   2.9823095e-01   2.4903774e-01
   2.9823095e-01   2.8100757e-01
   2.9823095e-01   3.0816582e-01
   2.9823095e-01   3.3128951e-01
   2.9823095e-01   3.5102020e-01
   2.9823095e-01   3.6788898e-01
   2.9823095e-01   3.8233682e-01
   2.9823095e-01   3.9473112e-01
   2.9823095e-01   4.0537908e-01
   2.9823095e-01   4.1453842e-01
   2.9823095e-01   4.2242609e-01
   2.9823095e-01   4.2922533e-01
   2.9823095e-01   4.3509137e-01
   2.9823095e-01   4.4015604e-01
   2.9823095e-01   4.4453164e-01
   2.9823095e-01   4.4831401e-01
   2.9823095e-01   4.5158515e-01
   2.9823095e-01   4.5441529e-01
   2.9823095e-01   4.5686473e-01
   2.9823095e-01   4.5898533e-01
   2.9823095e-01   4.6082167e-01
   2.9823095e-01   4.6241220e-01
   2.9823095e-01   4.6379006e-01
   2.9823095e-01   4.6498387e-01
   2.9823095e-01   4.6601834e-01
   2.9823095e-01   4.6691482e-01
   2.9823095e-01   4.6769180e-01
   2.9823095e-01   4.6836524e-01
   2.9823095e-01   4.6894898e-01
   2.9823095e-01   4.6945499e-01
   2.9823095e-01   4.6989362e-01
   2.9823095e-01   4.7027388e-01
   2.9549193e-01   4.7060352e-01
   2.9549193e-01   4.7088930e-01
   2.9549193e-01   4.7113706e-01
   2.9549193e-01   4.7131611e-01
   2.9549193e-01   4.7141220e-01
   2.9549193e-01   4.7144948e-01
   2.9549193e-01   4.7144596e-01
   2.9549193e-01   4.7141501e-01
   2.9549193e-01   4.7136644e-01
   2.9549193e-01   4.7130740e-01
   2.9549193e-01   4.7124303e-01
   2.9549193e-01   4.7117695e-01
   2.9549193e-01   4.7111166e-01
   2.9549193e-01   4.7104882e-01
   2.9549193e-01   4.7098949e-01
   2.9549193e-01   4.7093427e-01
   2.9549193e-01   4.7088345e-01
   2.9549193e-01   4.7083710e-01
   2.9549193e-01   4.7079513e-01
   2.9549193e-01   4.7075736e-01
   2.9549193e-01   4.7072352e-01
   2.9549193e-01   4.7069335e-01
   2.9549193e-01   4.7066653e-01
   2.9549193e-01   4.7064277e-01
   2.9549193e-01   4.7062178e-01
   2.9549193e-01   4.7060326e-01
   2.9549193e-01   4.7058697e-01
   2.9549193e-01   4.7057266e-01
   2.9549193e-01   4.7056011e-01
   2.9549193e-01   4.7054911e-01
   2.9549193e-01   4.7053949e-01
   2.9549193e-01   4.7053108e-01
   2.9549193e-01   4.7052374e-01
   2.9549193e-01   4.7051733e-01
   2.9549193e-01   4.7051174e-01
   2.9549193e-01   4.7050687e-01
   2.9549193e-01   4.7050263e-01
   2.9549193e-01   4.7049893e-01
   2.9549193e-01   4.7049572e-01
   2.9549193e-01   4.7049292e-01
   2.9549193e-01   4.7049049e-01
   2.9549193e-01   4.7048838e-01
   2.9549193e-01   4.7048655e-01
   2.9549193e-01   4.7048495e-01
   2.9549193e-01   4.7048357e-01
   2.9549193e-01   4.7048236e-01
   2.9549193e-01   4.7048132e-01
   2.9549193e-01   4.7048041e-01
   2.9549193e-01   4.7047963e-01
   2.9549193e-01   4.7047894e-01
   9.4017785e-02   4.7047835e-01
   9.4017785e-02   4.7047784e-01
   9.4017785e-02   4.7047739e-01
   9.4017785e-02   4.6710119e-01
   9.4017785e-02   4.5848801e-01
   9.4017785e-02   4.4638995e-01
   9.4017785e-02   4.3207027e-01
   9.4017785e-02   4.1646380e-01
   9.4017785e-02   4.0027086e-01
   9.4017785e-02   3.8401587e-01
   9.4017785e-02   3.6808653e-01
   9.4017785e-02   3.5276218e-01
   9.4017785e-02   3.3823555e-01
   9.4017785e-02   3.2463042e-01
   9.4017785e-02   3.1201621e-01
   9.4017785e-02   3.0042020e-01
   9.4017785e-02   2.8983781e-01
   9.4017785e-02   2.8024104e-01
   9.4017785e-02   2.7158546e-01
   9.4017785e-02   2.6381573e-01
   9.4017785e-02   2.5687004e-01
   9.4017785e-02   2.5068347e-01
   9.4017785e-02   2.4519055e-01
   9.4017785e-02   2.4032710e-01
   9.4017785e-02   2.3603154e-01
   9.4017785e-02   2.3224575e-01
   9.4017785e-02   2.2891558e-01
   9.4017785e-02   2.2599110e-01
   9.4017785e-02   2.2342669e-01
   9.4017785e-02   2.2118095e-01
   9.4017785e-02   2.1921656e-01
   9.4017785e-02   2.1750000e-01
   9.4017785e-02   2.1600138e-01
   9.4017785e-02   2.1469405e-01
   9.4017785e-02   2.1355441e-01
   9.4017785e-02   2.1256157e-01
   9.4017785e-02   2.1169710e-01
   9.4017785e-02   2.1094477e-01
   9.4017785e-02   2.1029031e-01
   9.4017785e-02   2.0972122e-01
   9.4017785e-02   2.0922652e-01
   9.4017785e-02   2.0879662e-01
   9.4017785e-02   2.0842314e-01
   9.4017785e-02   2.0809875e-01
   9.4017785e-02   2.0781705e-01
   9.4017785e-02   2.0757248e-01
   9.4017785e-02   2.0736017e-01
   9.4017785e-02   2.0717590e-01
   9.4017785e-02   2.0701598e-01
   9.4017785e-02   2.0687722e-01
   4.8938561e-01   2.0675682e-01
   4.8938561e-01   2.0665237e-01
   4.8938561e-01   2.0656177e-01
   4.8938561e-01   2.1431367e-01
   4.8938561e-01   2.3366180e-01
   4.8938561e-01   2.5957929e-01
   4.8938561e-01   2.8845939e-01
   4.8938561e-01   3.1789396e-01
   4.8938561e-01   3.4638395e-01
   4.8938561e-01   3.7307345e-01
   4.8938561e-01   3.9753830e-01
   4.8938561e-01   4.1963118e-01
   4.8938561e-01   4.3937384e-01
   4.8938561e-01   4.5688502e-01
   4.8938561e-01   4.7233373e-01
   4.8938561e-01   4.8590990e-01
   4.8938561e-01   4.9780663e-01
   4.8938561e-01   5.0820995e-01
   4.8938561e-01   5.1729328e-01
   4.8938561e-01   5.2521500e-01
   4.8938561e-01   5.3211767e-01
   4.8938561e-01   5.3812843e-01
   4.8938561e-01   5.4335984e-01
   4.8938561e-01   5.4791112e-01
   4.8938561e-01   5.5186941e-01
   4.8938561e-01   5.5531105e-01
   4.8938561e-01   5.5830280e-01
   4.8938561e-01   5.6090295e-01
   4.8938561e-01   5.6316237e-01
   4.8938561e-01   5.6512540e-01
   4.8938561e-01   5.6683067e-01
   4.8938561e-01   5.6831183e-01
   4.8938561e-01   5.6959817e-01
   4.8938561e-01   5.7071517e-01
   4.8938561e-01   5.7168503e-01
   4.8938561e-01   5.7252704e-01
   4.8938561e-01   5.7325797e-01
   4.8938561e-01   5.7389242e-01
   4.8938561e-01   5.7444307e-01
   4.8938561e-01   5.7492095e-01
   4.8938561e-01   5.7533564e-01
   4.8938561e-01   5.7569547e-01
   4.8938561e-01   5.7600768e-01
   4.8938561e-01   5.7627854e-01
   4.8938561e-01   5.7651353e-01
   4.8938561e-01   5.7671737e-01
   4.8938561e-01   5.7689420e-01
   4.8938561e-01   5.7704757e-01
   4.8938561e-01   5.7718060e-01
   4.8938561e-01   5.7729597e-01
   3.7355087e-01   5.7739603e-01
   3.7355087e-01   5.7748281e-01
   3.7355087e-01   5.7755806e-01
   3.7355087e-01   5.7684497e-01
   3.7355087e-01   5.7493182e-01
   3.7355087e-01   5.7225190e-01
   3.7355087e-01   5.6911900e-01
   3.7355087e-01   5.6575965e-01
   3.7355087e-01   5.6233571e-01
   3.7355087e-01   5.5896064e-01
   3.7355087e-01   5.5571166e-01
   3.7355087e-01   5.5263887e-01
   3.7355087e-01   5.4977221e-01
   3.7355087e-01   5.4712678e-01
   3.7355087e-01   5.4470702e-01
   3.7355087e-01   5.4250975e-01
   3.7355087e-01   5.4052666e-01
   3.7355087e-01   5.3874608e-01
   3.7355087e-01   5.3715433e-01
   3.7355087e-01   5.3573674e-01
   3.7355087e-01   5.3447836e-01
   3.7355087e-01   5.3336443e-01
   3.7355087e-01   5.3238080e-01
   3.7355087e-01   5.3151407e-01
   3.7355087e-01   5.3075177e-01
   3.7355087e-01   5.3008244e-01
   3.7355087e-01   5.2949556e-01
   3.7355087e-01   5.2898165e-01
   3.7355087e-01   5.2853213e-01
   3.7355087e-01   5.2813932e-01
   3.7355087e-01   5.2779638e-01
   3.7355087e-01   5.2749720e-01
   3.7355087e-01   5.2723638e-01
   3.7355087e-01   5.2700913e-01
   3.7355087e-01   5.2681125e-01
   3.7355087e-01   5.2663903e-01
   3.7355087e-01   5.2648919e-01
   3.7355087e-01   5.2635889e-01
   3.7355087e-01   5.2624560e-01
   3.7355087e-01   5.2614715e-01
   3.7355087e-01   5.2606161e-01
   3.7355087e-01   5.2598730e-01
   3.7355087e-01   5.2592277e-01
   3.7355087e-01   5.2586673e-01
   3.7355087e-01   5.2581809e-01
   3.7355087e-01   5.2577586e-01
   3.7355087e-01   5.2573922e-01
   3.7355087e-01   5.2570741e-01
   3.7355087e-01   5.2567982e-01
   3.7355087e-01   5.2565588e-01
  -2.6303081e-01   5.2563511e-01
  -2.6303081e-01   5.2561709e-01
  -2.6303081e-01   5.2560146e-01
  -2.6303081e-01   5.1560492e-01
  -2.6303081e-01   4.8946255e-01
  -2.6303081e-01   4.5111572e-01
  -2.6303081e-01   4.0319704e-01
  -2.6303081e-01   3.4774585e-01
  -2.6303081e-01   2.8652968e-01
  -2.6303081e-01   2.2117527e-01
  -2.6303081e-01   1.5320491e-01
  -2.6303081e-01   8.4028098e-02
  -2.6303081e-01   1.4916594e-02
  -2.6303081e-01  -5.3021070e-02
  -2.6303081e-01  -1.1885763e-01
  -2.6303081e-01  -1.8185442e-01
  -2.6303081e-01  -2.4145792e-01
  -2.6303081e-01  -2.9728758e-01
  -2.6303081e-01  -3.4911709e-01
  -2.6303081e-01  -3.9685220e-01
  -2.6303081e-01  -4.4050702e-01
  -2.6303081e-01  -4.8018098e-01
  -2.6303081e-01  -5.1603741e-01
  -2.6303081e-01  -5.4828467e-01
  -2.6303081e-01  -5.7716019e-01
  -2.6303081e-01  -6.0291730e-01
  -2.6303081e-01  -6.2581494e-01
  -2.6303081e-01  -6.4610966e-01
  -2.6303081e-01  -6.6404992e-01
  -2.6303081e-01  -6.7987198e-01
  -2.6303081e-01  -6.9379734e-01
  -2.6303081e-01  -7.0603124e-01
  -2.6303081e-01  -7.1676207e-01
  -2.6303081e-01  -7.2616131e-01
  -2.6303081e-01  -7.3438406e-01
  -2.6303081e-01  -7.4156977e-01
  -2.6303081e-01  -7.4784325e-01
  -2.6303081e-01  -7.5331570e-01
  -2.6303081e-01  -7.5808587e-01
  -2.6303081e-01  -7.6224118e-01
  -2.6303081e-01  -7.6585880e-01
  -2.6303081e-01  -7.6900673e-01
  -2.6303081e-01  -7.7174473e-01
  -2.6303081e-01  -7.7412526e-01
  -2.6303081e-01  -7.7619426e-01
  -2.6303081e-01  -7.7799196e-01
  -2.6303081e-01  -7.7955352e-01
  -2.6303081e-01  -7.8090964e-01
  -2.6303081e-01  -7.8208709e-01
  -2.6303081e-01  -7.8310924e-01
   5.6045487e-01  -7.8399642e-01
   5.6045487e-01  -7.8476634e-01
   5.6045487e-01  -7.8543443e-01
   5.6045487e-01  -7.4461633e-01
   5.6045487e-01  -6.4485076e-01
   5.6045487e-01  -5.1642792e-01
   5.6045487e-01  -3.8034227e-01
   5.6045487e-01  -2.4916733e-01
   5.6045487e-01  -1.2933435e-01
   5.6045487e-01  -2.3346114e-02
   5.6045487e-01   6.8556162e-02
   5.6045487e-01   1.4729283e-01
   5.6045487e-01   2.1428224e-01
   5.6045487e-01   2.7107021e-01
   5.6045487e-01   3.1914051e-01
   5.6045487e-01   3.5983027e-01
   5.6045487e-01   3.9430270e-01
   5.6045487e-01   4.2354918e-01
   5.6045487e-01   4.4840446e-01
   5.6045487e-01   4.6956685e-01
   5.6045487e-01   4.8761861e-01
   5.6045487e-01   5.0304484e-01
   5.6045487e-01   5.1625000e-01
   5.6045487e-01   5.2757179e-01
   5.6045487e-01   5.3729291e-01
   5.6045487e-01   5.4565056e-01
   5.6045487e-01   5.5284438e-01
   5.6045487e-01   5.5904285e-01
   5.6045487e-01   5.6438856e-01
   5.6045487e-01   5.6900251e-01
   5.6045487e-01   5.7298763e-01
   5.6045487e-01   5.7643169e-01
   5.6045487e-01   5.7940969e-01
   5.6045487e-01   5.8198586e-01
   5.6045487e-01   5.8421524e-01
   5.6045487e-01   5.8614516e-01
   5.6045487e-01   5.8781629e-01
   5.6045487e-01   5.8926368e-01
   5.6045487e-01   5.9051751e-01
   5.6045487e-01   5.9160385e-01
   5.6045487e-01   5.9254520e-01
   5.6045487e-01   5.9336100e-01
   5.6045487e-01   5.9406807e-01
   5.6045487e-01   5.9468093e-01
   5.6045487e-01   5.9521218e-01
   5.6045487e-01   5.9567270e-01
   5.6045487e-01   5.9607192e-01
   5.6045487e-01   5.9641802e-01
   5.6045487e-01   5.9671807e-01
   5.6045487e-01   5.9697820e-01
   8.5877194e-01   5.9720373e-01
   8.5877194e-01   5.9739925e-01
   8.5877194e-01   5.9756877e-01
   8.5877194e-01   5.9835928e-01
   8.5877194e-01   6.0010500e-01
   8.5877194e-01   6.0243400e-01
   8.5877194e-01   6.0507759e-01
   8.5877194e-01   6.0784651e-01
   8.5877194e-01   6.1061111e-01
   8.5877194e-01   6.1328579e-01
   8.5877194e-01   6.1581690e-01
   8.5877194e-01   6.1817362e-01
   8.5877194e-01   6.2034118e-01
   8.5877194e-01   6.2231580e-01
   8.5877194e-01   6.2410106e-01
   8.5877194e-01   6.2570529e-01
   8.5877194e-01   6.2713965e-01
   8.5877194e-01   6.2841682e-01
   8.5877194e-01   6.2955010e-01
   8.5877194e-01   6.3055276e-01
   8.5877194e-01   6.3143765e-01
   8.5877194e-01   6.3221694e-01
   8.5877194e-01   6.3290197e-01
   8.5877194e-01   6.3350318e-01
   8.5877194e-01   6.3403011e-01
   8.5877194e-01   6.3449136e-01
   8.5877194e-01   6.3489470e-01
   8.5877194e-01   6.3524706e-01
   8.5877194e-01   6.3555464e-01
   8.5877194e-01   6.3582293e-01
   8.5877194e-01   6.3605680e-01
   8.5877194e-01   6.3626054e-01
   8.5877194e-01   6.3643794e-01
   8.5877194e-01   6.3659235e-01
   8.5877194e-01   6.3672668e-01
   8.5877194e-01   6.3684350e-01
   8.5877194e-01   6.3694507e-01
   8.5877194e-01   6.3703334e-01
   8.5877194e-01   6.3711004e-01
   8.5877194e-01   6.3717667e-01
   8.5877194e-01   6.3723454e-01
   8.5877194e-01   6.3728479e-01
   8.5877194e-01   6.3732842e-01
   8.5877194e-01   6.3736629e-01
   8.5877194e-01   6.3739916e-01
   8.5877194e-01   6.3742769e-01
   8.5877194e-01   6.3745244e-01
   8.5877194e-01   6.3747392e-01
   8.5877194e-01   6.3749256e-01
   8.5877194e-01   6.3750872e-01
  -2.6416735e-02   6.3752274e-01
  -2.6416735e-02   6.3753491e-01
  -2.6416735e-02   6.3754546e-01
  -2.6416735e-02   6.3135738e-01
  -2.6416735e-02   6.1525575e-01
  -2.6416735e-02   5.9190313e-01
  -2.6416735e-02   5.6313901e-01
  -2.6416735e-02   5.3038143e-01
  -2.6416735e-02   4.9481244e-01
  -2.6416735e-02   4.5745899e-01
  -2.6416735e-02   4.1922338e-01
  -2.6416735e-02   3.8089071e-01
  -2.6416735e-02   3.4312834e-01
  -2.6416735e-02   3.0648484e-01
  -2.6416735e-02   2.7139202e-01
  -2.6416735e-02   2.3817088e-01
  -2.6416735e-02   2.0704123e-01
  -2.6416735e-02   1.7813387e-01
  -2.6416735e-02   1.5150419e-01
  -2.6416735e-02   1.2714608e-01
  -2.6416735e-02   1.0500526e-01
  -2.6416735e-02   8.4991477e-02
  -2.6416735e-02   6.6989150e-02
  -2.6416735e-02   5.0866389e-02
  -2.6416735e-02   3.6482333e-02
  -2.6416735e-02   2.3692953e-02
  -2.6416735e-02   1.2355467e-02
  -2.6416735e-02   2.3315758e-03
  -2.6416735e-02  -6.5102857e-03
  -2.6416735e-02  -1.4293494e-02
  -2.6416735e-02  -2.1132407e-02
  -2.6416735e-02  -2.7132005e-02
  -2.6416735e-02  -3.2387899e-02
  -2.6416735e-02  -3.6986575e-02
  -2.6416735e-02  -4.1005824e-02
  -2.6416735e-02  -4.4515276e-02
  -2.6416735e-02  -4.7576997e-02
  -2.6416735e-02  -5.0246115e-02
  -2.6416735e-02  -5.2571442e-02
  -2.6416735e-02  -5.4596086e-02
  -2.6416735e-02  -5.6358026e-02
  -2.6416735e-02  -5.7890657e-02
  -2.6416735e-02  -5.9223294e-02
  -2.6416735e-02  -6.0381628e-02
  -2.6416735e-02  -6.1388146e-02
  -2.6416735e-02  -6.2262507e-02
  -2.6416735e-02  -6.3021880e-02
  -2.6416735e-02  -6.3681247e-02
  -2.6416735e-02  -6.4253671e-02
  -2.6416735e-02  -6.4750534e-02
  -1.0643250e-01  -6.5181746e-02
  -1.0643250e-01  -6.5555935e-02
  -1.0643250e-01  -6.5880602e-02
  -1.0643250e-01  -6.9413481e-02
  -1.0643250e-01  -7.7907094e-02
  -1.0643250e-01  -8.9595071e-02
  -1.0643250e-01  -1.0319847e-01
  -1.0643250e-01  -1.1778757e-01
  -1.0643250e-01  -1.3268977e-01
  -1.0643250e-01  -1.4742531e-01
  -1.0643250e-01  -1.6166054e-01
  -1.0643250e-01  -1.7517288e-01
  -1.0643250e-01  -1.8782388e-01
  -1.0643250e-01  -1.9953828e-01
  -1.0643250e-01  -2.1028755e-01
  -1.0643250e-01  -2.2007703e-01
  -1.0643250e-01  -2.2893586e-01
  -1.0643250e-01  -2.3690926e-01
  -1.0643250e-01  -2.4405251e-01
  -1.0643250e-01  -2.5042651e-01
  -1.0643250e-01  -2.5609443e-01
  -1.0643250e-01  -2.6111933e-01
  -1.0643250e-01  -2.6556248e-01
  -1.0643250e-01  -2.6948221e-01
  -1.0643250e-01  -2.7293322e-01
  -1.0643250e-01  -2.7596619e-01
  -1.0643250e-01  -2.7862762e-01
  -1.0643250e-01  -2.8095980e-01
  -1.0643250e-01  -2.8300102e-01
  -1.0643250e-01  -2.8478564e-01
  -1.0643250e-01  -2.8634447e-01
  -1.0643250e-01  -2.8770491e-01
  -1.0643250e-01  -2.8889135e-01
  -1.0643250e-01  -2.8992536e-01
  -1.0643250e-01  -2.9082599e-01
  -1.0643250e-01  -2.9161005e-01
  -1.0643250e-01  -2.9229231e-01
  -1.0643250e-01  -2.9288574e-01
  -1.0643250e-01  -2.9340172e-01
  -1.0643250e-01  -2.9385022e-01
  -1.0643250e-01  -2.9423995e-01
  -1.0643250e-01  -2.9457852e-01
  -1.0643250e-01  -2.9487258e-01
  -1.0643250e-01  -2.9512793e-01
  -1.0643250e-01  -2.9534962e-01
  -1.0643250e-01  -2.9554207e-01
  -1.0643250e-01  -2.9570910e-01
  -1.0643250e-01  -2.9585405e-01
  -1.0643250e-01  -2.9597983e-01
  -1.0643250e-01  -2.9608897e-01
   1.7017311e-02  -2.9618365e-01
   1.7017311e-02  -2.9626578e-01
   1.7017311e-02  -2.9633702e-01
   1.7017311e-02  -2.9026576e-01
   1.7017311e-02  -2.7497394e-01
   1.7017311e-02  -2.5417060e-01
   1.7017311e-02  -2.3053637e-01
   1.7017311e-02  -2.0592737e-01
   1.7017311e-02  -1.8157447e-01
   1.7017311e-02  -1.5825284e-01
   1.7017311e-02  -1.3641558e-01
   1.7017311e-02  -1.1629434e-01
   1.7017311e-02  -9.7972624e-02
   1.7017311e-02  -8.1437924e-02
   1.7017311e-02  -6.6618161e-02
   1.7017311e-02  -5.3406662e-02
   1.7017311e-02  -4.1679005e-02
   1.7017311e-02  -3.1304154e-02
   1.7017311e-02  -2.2151621e-02
   1.7017311e-02  -1.4095911e-02
   1.7017311e-02  -7.0191052e-03
   1.7017311e-02  -8.1221377e-04
   1.7017311e-02   4.6242995e-03
   1.7017311e-02   9.3805173e-03
   1.7017311e-02   1.3537400e-02
   1.7017311e-02   1.7167310e-02
   1.7017311e-02   2.0334645e-02
   1.7017311e-02   2.3096507e-02
   1.7017311e-02   2.5503385e-02
   1.7017311e-02   2.7599806e-02
   1.7017311e-02   2.9424966e-02
   1.7017311e-02   3.1013302e-02
   1.7017311e-02   3.2395028e-02
   1.7017311e-02   3.3596618e-02
   1.7017311e-02   3.4641240e-02
   1.7017311e-02   3.5549153e-02
   1.7017311e-02   3.6338055e-02
   1.7017311e-02   3.7023394e-02
   1.7017311e-02   3.7618646e-02
   1.7017311e-02   3.8135558e-02
   1.7017311e-02   3.8584368e-02
   1.7017311e-02   3.8973989e-02
   1.7017311e-02   3.9312182e-02
   1.7017311e-02   3.9605699e-02
   1.7017311e-02   3.9860414e-02
   1.7017311e-02   4.0081434e-02
   1.7017311e-02   4.0273198e-02
   1.7017311e-02   4.0439566e-02
   1.7017311e-02   4.0583890e-02
   1.7017311e-02   4.0709082e-02
   6.3525542e-01   4.0817673e-02
   6.3525542e-01   4.0911857e-02
   6.3525542e-01   4.0993543e-02
   6.3525542e-01   5.4649601e-02
   6.3525542e-01   8.8133149e-02
   6.3525542e-01   1.3231322e-01
   6.3525542e-01   1.8070249e-01
   6.3525542e-01   2.2911340e-01
   6.3525542e-01   2.7508776e-01
   6.3525542e-01   3.1735439e-01
   6.3525542e-01   3.5540257e-01
   6.3525542e-01   3.8917868e-01
   6.3525542e-01   4.1888429e-01
   6.3525542e-01   4.4484825e-01
   6.3525542e-01   4.6744924e-01
   6.3525542e-01   4.8707108e-01
   6.3525542e-01   5.0407864e-01
   6.3525542e-01   5.1880624e-01
   6.3525542e-01   5.3155330e-01
   6.3525542e-01   5.4258417e-01
   6.3525542e-01   5.5213009e-01
   6.3525542e-01   5.6039210e-01
   6.3525542e-01   5.6754440e-01
   6.3525542e-01   5.7373751e-01
   6.3525542e-01   5.7910140e-01
   6.3525542e-01   5.8374824e-01
   6.3525542e-01   5.8777477e-01
   6.3525542e-01   5.9126450e-01
   6.3525542e-01   5.9428954e-01
   6.3525542e-01   5.9691216e-01
   6.3525542e-01   5.9918617e-01
   6.3525542e-01   6.0115813e-01
   6.3525542e-01   6.0286829e-01
   6.3525542e-01   6.0435150e-01
   6.3525542e-01   6.0563794e-01
   6.3525542e-01   6.0675375e-01
   6.3525542e-01   6.0772158e-01
   6.3525542e-01   6.0856106e-01
   6.3525542e-01   6.0928922e-01
   6.3525542e-01   6.0992081e-01
   6.3525542e-01   6.1046864e-01
   6.3525542e-01   6.1094380e-01
   6.3525542e-01   6.1135593e-01
   6.3525542e-01   6.1171338e-01
   6.3525542e-01   6.1202339e-01
   6.3525542e-01   6.1229227e-01
   6.3525542e-01   6.1252545e-01
   6.3525542e-01   6.1272767e-01
   6.3525542e-01   6.1290304e-01
   6.3525542e-01   6.1305512e-01
   2.8863626e-01   6.1318700e-01
   2.8863626e-01   6.1330136e-01
   2.8863626e-01   6.1340053e-01
   2.8863626e-01   6.1149767e-01
   2.8863626e-01   6.0651029e-01
   2.8863626e-01   5.9949272e-01
   2.8863626e-01   5.9120619e-01
   2.8863626e-01   5.8221018e-01
   2.8863626e-01   5.7291839e-01
   2.8863626e-01   5.6363517e-01
   2.8863626e-01   5.5458069e-01
   2.8863626e-01   5.4590947e-01
   2.8863626e-01   5.3772466e-01
   2.8863626e-01   5.3008935e-01
   2.8863626e-01   5.2303583e-01
   2.8863626e-01   5.1657306e-01
   2.8863626e-01   5.1069278e-01
   2.8863626e-01   5.0537445e-01
   2.8863626e-01   5.0058918e-01
   2.8863626e-01   4.9630280e-01
   2.8863626e-01   4.9247826e-01
   2.8863626e-01   4.8907740e-01
   2.8863626e-01   4.8606231e-01
   2.8863626e-01   4.8339620e-01
   2.8863626e-01   4.8104409e-01
   2.8863626e-01   4.7897318e-01
   2.8863626e-01   4.7715311e-01
   2.8863626e-01   4.7555599e-01
   2.8863626e-01   4.7415645e-01
   2.8863626e-01   4.7293154e-01
   2.8863626e-01   4.7186063e-01
   2.8863626e-01   4.7092525e-01
   2.8863626e-01   4.7010895e-01
   2.8863626e-01   4.6939708e-01
   2.8863626e-01   4.6877671e-01
   2.8863626e-01   4.6823638e-01
   2.8863626e-01   4.6776602e-01
   2.8863626e-01   4.6735675e-01
   2.8863626e-01   4.6700079e-01
   2.8863626e-01   4.6669130e-01
   2.8863626e-01   4.6642230e-01
   2.8863626e-01   4.6618857e-01
   2.8863626e-01   4.6598553e-01
   2.8863626e-01   4.6580919e-01
   2.8863626e-01   4.6565607e-01
   2.8863626e-01   4.6552313e-01
   2.8863626e-01   4.6540774e-01
   2.8863626e-01   4.6530760e-01
   2.8863626e-01   4.6522069e-01
   2.8863626e-01   4.6514528e-01
   6.2316092e-01   4.6507986e-01
   6.2316092e-01   4.6502310e-01
   6.2316092e-01   4.6497386e-01
   6.2316092e-01   4.6762434e-01
   6.2316092e-01   4.7432254e-01
   6.2316092e-01   4.8343359e-01
   6.2316092e-01   4.9377616e-01
   6.2316092e-01   5.0453381e-01
   6.2316092e-01   5.1516697e-01
   6.2316092e-01   5.2533759e-01
   6.2316092e-01   5.3484959e-01
   6.2316092e-01   5.4360420e-01
   6.2316092e-01   5.5156738e-01
   6.2316092e-01   5.5874680e-01
   6.2316092e-01   5.6517578e-01
   6.2316092e-01   5.7090239e-01
   6.2316092e-01   5.7598205e-01
   6.2316092e-01   5.8047279e-01
   6.2316092e-01   5.8443209e-01
   6.2316092e-01   5.8791508e-01
   6.2316092e-01   5.9097340e-01
   6.2316092e-01   5.9365466e-01
   6.2316092e-01   5.9600228e-01
   6.2316092e-01   5.9805547e-01
   6.2316092e-01   5.9984943e-01
   6.2316092e-01   6.0141557e-01
   6.2316092e-01   6.0278184e-01
   6.2316092e-01   6.0397298e-01
   6.2316092e-01   6.0501085e-01
   6.2316092e-01   6.0591471e-01
   6.2316092e-01   6.0670152e-01
   6.2316092e-01   6.0738616e-01
   6.2316092e-01   6.0798169e-01
   6.2316092e-01   6.0849954e-01
   6.2316092e-01   6.0894970e-01
   6.2316092e-01   6.0934093e-01
   6.2316092e-01   6.0968085e-01
   6.2316092e-01   6.0997614e-01
   6.2316092e-01   6.1023260e-01
   6.2316092e-01   6.1045530e-01
   6.2316092e-01   6.1064866e-01
   6.2316092e-01   6.1081651e-01
   6.2316092e-01   6.1096220e-01
   6.2316092e-01   6.1108864e-01
   6.2316092e-01   6.1119837e-01
   6.2316092e-01   6.1129358e-01
   6.2316092e-01   6.1137618e-01
   6.2316092e-01   6.1144785e-01
   6.2316092e-01   6.1151002e-01
   6.2316092e-01   6.1156394e-01
  -2.9854579e-01   6.1161072e-01
  -2.9854579e-01   6.1165129e-01
  -2.9854579e-01   6.1168647e-01
  -2.9854579e-01   6.0192928e-01
  -2.9854579e-01   5.7615414e-01
  -2.9854579e-01   5.3786098e-01
  -2.9854579e-01   4.8926404e-01
  -2.9854579e-01   4.3206685e-01
  -2.9854579e-01   3.6780973e-01
  -2.9854579e-01   2.9800931e-01
  -2.9854579e-01   2.2419033e-01
  -2.9854579e-01   1.4786222e-01
  -2.9854579e-01   7.0472307e-02
  -2.9854579e-01  -6.6451016e-03
  -2.9854579e-01  -8.2311658e-02
  -2.9854579e-01  -1.5553429e-01
  -2.9854579e-01  -2.2551919e-01
  -2.9854579e-01  -2.9167167e-01
  -2.9854579e-01  -3.5358475e-01
  -2.9854579e-01  -4.1101978e-01
  -2.9854579e-01  -4.6388246e-01
  -2.9854579e-01  -5.1219707e-01
  -2.9854579e-01  -5.5608107e-01
  -2.9854579e-01  -5.9572156e-01
  -2.9854579e-01  -6.3135450e-01
  -2.9854579e-01  -6.6324707e-01
  -2.9854579e-01  -6.9168324e-01
  -2.9854579e-01  -7.1695242e-01
  -2.9854579e-01  -7.3934079e-01
  -2.9854579e-01  -7.5912496e-01
  -2.9854579e-01  -7.7656762e-01
  -2.9854579e-01  -7.9191474e-01
  -2.9854579e-01  -8.0539400e-01
  -2.9854579e-01  -8.1721415e-01
  -2.9854579e-01  -8.2756512e-01
  -2.9854579e-01  -8.3661850e-01
  -2.9854579e-01  -8.4452851e-01
  -2.9854579e-01  -8.5143306e-01
  -2.9854579e-01  -8.5745499e-01
  -2.9854579e-01  -8.6270331e-01
  -2.9854579e-01  -8.6727449e-01
  -2.9854579e-01  -8.7125365e-01
  -2.9854579e-01  -8.7471577e-01
  -2.9854579e-01  -8.7772671e-01
  -2.9854579e-01  -8.8034428e-01
  -2.9854579e-01  -8.8261911e-01
  -2.9854579e-01  -8.8459548e-01
  -2.9854579e-01  -8.8631211e-01
  -2.9854579e-01  -8.8780279e-01
  -2.9854579e-01  -8.8909700e-01
   7.5188562e-01  -8.9022044e-01
   7.5188562e-01  -8.9119548e-01
   7.5188562e-01  -8.9204162e-01
   7.5188562e-01  -8.4490395e-01
   7.5188562e-01  -7.3002136e-01
   7.5188562e-01  -5.8306091e-01
   7.5188562e-01  -4.2856964e-01
   7.5188562e-01  -2.8097023e-01
   7.5188562e-01  -1.4737076e-01
   7.5188562e-01  -3.0286060e-02
   7.5188562e-01   7.0340809e-02
   7.5188562e-01   1.5583022e-01
   7.5188562e-01   2.2799636e-01
   7.5188562e-01   2.8873169e-01
   7.5188562e-01   3.3980471e-01
   7.5188562e-01   3.8277790e-01
   7.5188562e-01   4.1898889e-01
   7.5188562e-01   4.4956207e-01
   7.5188562e-01   4.7543293e-01
   7.5188562e-01   4.9737561e-01
   7.5188562e-01   5.1602938e-01
   7.5188562e-01   5.3192219e-01
   7.5188562e-01   5.4549070e-01
   7.5188562e-01   5.5709690e-01
   7.5188562e-01   5.6704178e-01
   7.5188562e-01   5.7557644e-01
   7.5188562e-01   5.8291105e-01
   7.5188562e-01   5.8922210e-01
   7.5188562e-01   5.9465835e-01
   7.5188562e-01   5.9934550e-01
   7.5188562e-01   6.0339012e-01
   7.5188562e-01   6.0688280e-01
   7.5188562e-01   6.0990074e-01
   7.5188562e-01   6.1250986e-01
   7.5188562e-01   6.1476658e-01
   7.5188562e-01   6.1671925e-01
   7.5188562e-01   6.1840940e-01
   7.5188562e-01   6.1987275e-01
   7.5188562e-01   6.2114003e-01
   7.5188562e-01   6.2223773e-01
   7.5188562e-01   6.2318871e-01
   7.5188562e-01   6.2401270e-01
   7.5188562e-01   6.2472673e-01
   7.5188562e-01   6.2534553e-01
   7.5188562e-01   6.2588186e-01
   7.5188562e-01   6.2634674e-01
   7.5188562e-01   6.2674970e-01
   7.5188562e-01   6.2709901e-01
   7.5188562e-01   6.2740181e-01
   7.5188562e-01   6.2766432e-01
   2.4495017e-01   6.2789189e-01
   2.4495017e-01   6.2808918e-01
   2.4495017e-01   6.2826022e-01
   2.4495017e-01   6.2582072e-01
   2.4495017e-01   6.1934335e-01
   2.4495017e-01   6.1016396e-01
   2.4495017e-01   5.9924383e-01
   2.4495017e-01   5.8729580e-01
   2.4495017e-01   5.7485678e-01
   2.4495017e-01   5.6233196e-01
   2.4495017e-01   5.5002384e-01
   2.4495017e-01   5.3815301e-01
   2.4495017e-01   5.2687401e-01
   2.4495017e-01   5.1628826e-01
   2.4495017e-01   5.0645483e-01
   2.4495017e-01   4.9739969e-01
   2.4495017e-01   4.8912341e-01
   2.4495017e-01   4.8160772e-01
   2.4495017e-01   4.7482086e-01
   2.4495017e-01   4.6872203e-01
   2.4495017e-01   4.6326482e-01
   2.4495017e-01   4.5839995e-01
   2.4495017e-01   4.5407733e-01
   2.4495017e-01   4.5024756e-01
   2.4495017e-01   4.4686303e-01
   2.4495017e-01   4.4387866e-01
   2.4495017e-01   4.4125229e-01
   2.4495017e-01   4.3894498e-01
   2.4495017e-01   4.3692107e-01
   2.4495017e-01   4.3514814e-01
   2.4495017e-01   4.3359691e-01
   2.4495017e-01   4.3224109e-01
   2.4495017e-01   4.3105717e-01
   2.4495017e-01   4.3002420e-01
   2.4495017e-01   4.2912359e-01
   2.4495017e-01   4.2833889e-01
   2.4495017e-01   4.2765556e-01
   2.4495017e-01   4.2706081e-01
   2.4495017e-01   4.2654340e-01
   2.4495017e-01   4.2609344e-01
   2.4495017e-01   4.2570227e-01
   2.4495017e-01   4.2536233e-01
   2.4495017e-01   4.2506698e-01
   2.4495017e-01   4.2481044e-01
   2.4495017e-01   4.2458766e-01
   2.4495017e-01   4.2439422e-01
   2.4495017e-01   4.2422631e-01
   2.4495017e-01   4.2408056e-01
   2.4495017e-01   4.2395408e-01
   2.4495017e-01   4.2384432e-01
  -5.8451541e-01   4.2374909e-01
  -5.8451541e-01   4.2366647e-01
  -5.8451541e-01   4.2359480e-01
  -5.8451541e-01   4.1002072e-01
  -5.8451541e-01   3.7444861e-01
  -5.8451541e-01   3.2191888e-01
  -5.8451541e-01   2.5570475e-01
  -5.8451541e-01   1.7833771e-01
  -5.8451541e-01   9.2066223e-02
  -5.8451541e-01  -9.6022517e-04
  -5.8451541e-01  -9.8646980e-02
  -5.8451541e-01  -1.9897895e-01
  -5.8451541e-01  -3.0007286e-01
  -5.8451541e-01  -4.0023241e-01
  -5.8451541e-01  -4.9799227e-01
  -5.8451541e-01  -5.9214492e-01
  -5.8451541e-01  -6.8174891e-01
  -5.8451541e-01  -7.6612089e-01
  -5.8451541e-01  -8.4481520e-01
  -5.8451541e-01  -9.1759515e-01
  -5.8451541e-01  -9.8440008e-01
  -5.8451541e-01  -1.0453115e+00
  -5.8451541e-01  -1.1005204e+00
  -5.8451541e-01  -1.1502982e+00
  -5.8451541e-01  -1.1949705e+00
  -5.8451541e-01  -1.2348963e+00
  -5.8451541e-01  -1.2704505e+00
  -5.8451541e-01  -1.3020102e+00
  -5.8451541e-01  -1.3299451e+00
  -5.8451541e-01  -1.3546099e+00
  -5.8451541e-01  -1.3763396e+00
  -5.8451541e-01  -1.3954466e+00
  -5.8451541e-01  -1.4122187e+00
  -5.8451541e-01  -1.4269193e+00
  -5.8451541e-01  -1.4397873e+00
  -5.8451541e-01  -1.4510380e+00
  -5.8451541e-01  -1.4608646e+00
  -5.8451541e-01  -1.4694398e+00
  -5.8451541e-01  -1.4769170e+00
  -5.8451541e-01  -1.4834323e+00
  -5.8451541e-01  -1.4891060e+00
  -5.8451541e-01  -1.4940440e+00
  -5.8451541e-01  -1.4983398e+00
  -5.8451541e-01  -1.5020754e+00
  -5.8451541e-01  -1.5053226e+00
  -5.8451541e-01  -1.5081443e+00
  -5.8451541e-01  -1.5105956e+00
  -5.8451541e-01  -1.5127247e+00
  -5.8451541e-01  -1.5145733e+00
  -5.8451541e-01  -1.5161783e+00
  -5.8153303e-02  -1.5175714e+00
  -5.8153303e-02  -1.5187805e+00
  -5.8153303e-02  -1.5198296e+00
  -5.8153303e-02  -1.4899771e+00
  -5.8153303e-02  -1.4147794e+00
  -5.8153303e-02  -1.3144876e+00
  -5.8153303e-02  -1.2035777e+00
  -5.8153303e-02  -1.0915556e+00
  -5.8153303e-02  -9.8416623e-01
  -5.8153303e-02  -8.8453355e-01
  -5.8153303e-02  -7.9406295e-01
  -5.8153303e-02  -7.1309381e-01
  -5.8153303e-02  -6.4134315e-01
  -5.8153303e-02  -5.7819420e-01
  -5.8153303e-02  -5.2287698e-01
  -5.8153303e-02  -4.7457687e-01
  -5.8153303e-02  -4.3249681e-01
  -5.8153303e-02  -3.9589034e-01
  -5.8153303e-02  -3.6407685e-01
  -5.8153303e-02  -3.3644637e-01
  -5.8153303e-02  -3.1245842e-01
  -5.8153303e-02  -2.9163770e-01
  -5.8153303e-02  -2.7356833e-01
  -5.8153303e-02  -2.5788769e-01
  -5.8153303e-02  -2.4428025e-01
  -5.8153303e-02  -2.3247186e-01
  -5.8153303e-02  -2.2222453e-01
  -5.8153303e-02  -2.1333174e-01
  -5.8153303e-02  -2.0561434e-01
  -5.8153303e-02  -1.9891694e-01
  -5.8153303e-02  -1.9310472e-01
  -5.8153303e-02  -1.8806072e-01
  -5.8153303e-02  -1.8368348e-01
  -5.8153303e-02  -1.7988494e-01
  -5.8153303e-02  -1.7658869e-01
  -5.8153303e-02  -1.7372839e-01
  -5.8153303e-02  -1.7124649e-01
  -5.8153303e-02  -1.6909301e-01
  -5.8153303e-02  -1.6722457e-01
  -5.8153303e-02  -1.6560352e-01
  -5.8153303e-02  -1.6419715e-01
  -5.8153303e-02  -1.6297709e-01
  -5.8153303e-02  -1.6191872e-01
  -5.8153303e-02  -1.6100063e-01
  -5.8153303e-02  -1.6020427e-01
  -5.8153303e-02  -1.5951353e-01
  -5.8153303e-02  -1.5891442e-01
  -5.8153303e-02  -1.5839481e-01
  -5.8153303e-02  -1.5794417e-01
  -5.8153303e-02  -1.5755335e-01
   6.8861759e-01  -1.5721442e-01
   6.8861759e-01  -1.5692050e-01
   6.8861759e-01  -1.5666563e-01
   6.8861759e-01  -1.3635405e-01
   6.8861759e-01  -8.7024605e-02
   6.8861759e-01  -2.2620767e-02
   6.8861759e-01   4.7037282e-02
   6.8861759e-01   1.1577664e-01
   6.8861759e-01   1.8014048e-01
   6.8861759e-01   2.3849099e-01
   6.8861759e-01   2.9031331e-01
   6.8861759e-01   3.3573319e-01
   6.8861759e-01   3.7520667e-01
   6.8861759e-01   4.0933187e-01
   6.8861759e-01   4.3874112e-01
   6.8861759e-01   4.6404322e-01
   6.8861759e-01   4.8579580e-01
   6.8861759e-01   5.0449492e-01
   6.8861759e-01   5.2057405e-01
   6.8861759e-01   5.3440782e-01
   6.8861759e-01   5.4631787e-01
   6.8861759e-01   5.5657926e-01
   6.8861759e-01   5.6542681e-01
   6.8861759e-01   5.7306083e-01
   6.8861759e-01   5.7965223e-01
   6.8861759e-01   5.8534695e-01
   6.8861759e-01   5.9026974e-01
   6.8861759e-01   5.9452735e-01
   6.8861759e-01   5.9821129e-01
   6.8861759e-01   6.0140006e-01
   6.8861759e-01   6.0416114e-01
   6.8861759e-01   6.0655257e-01
   6.8861759e-01   6.0862431e-01
   6.8861759e-01   6.1041947e-01
   6.8861759e-01   6.1197523e-01
   6.8861759e-01   6.1332369e-01
   6.8861759e-01   6.1449261e-01
   6.8861759e-01   6.1550599e-01
   6.8861759e-01   6.1638457e-01
   6.8861759e-01   6.1714634e-01
   6.8861759e-01   6.1780685e-01
   6.8861759e-01   6.1837957e-01
   6.8861759e-01   6.1887619e-01
   6.8861759e-01   6.1930682e-01
   6.8861759e-01   6.1968023e-01
   6.8861759e-01   6.2000403e-01
   6.8861759e-01   6.2028481e-01
   6.8861759e-01   6.2052828e-01
   6.8861759e-01   6.2073940e-01
   6.8861759e-01   6.2092246e-01
  -5.4815644e-01   6.2108119e-01
  -5.4815644e-01   6.2121882e-01
  -5.4815644e-01   6.2133817e-01
  -5.4815644e-01   6.1012127e-01
  -5.4815644e-01   5.8013321e-01
  -5.4815644e-01   5.3493515e-01
  -5.4815644e-01   4.7657066e-01
  -5.4815644e-01   4.0655864e-01
  -5.4815644e-01   3.2634763e-01
  -5.4815644e-01   2.3750670e-01
  -5.4815644e-01   1.4177171e-01
  -5.4815644e-01   4.1009683e-02
  -5.4815644e-01  -6.2859115e-02
  -5.4815644e-01  -1.6795320e-01
  -5.4815644e-01  -2.7251668e-01
  -5.4815644e-01  -3.7498880e-01
  -5.4815644e-01  -4.7405045e-01
  -5.4815644e-01  -5.6864718e-01
  -5.4815644e-01  -6.5799112e-01
  -5.4815644e-01  -7.4154650e-01
  -5.4815644e-01  -8.1900386e-01
  -5.4815644e-01  -8.9024763e-01
  -5.4815644e-01  -9.5532121e-01
  -5.4815644e-01  -1.0143925e+00
  -5.4815644e-01  -1.0677222e+00
  -5.4815644e-01  -1.1156355e+00
  -5.4815644e-01  -1.1584986e+00
  -5.4815644e-01  -1.1966990e+00
  -5.4815644e-01  -1.2306307e+00
  -5.4815644e-01  -1.2606822e+00
  -5.4815644e-01  -1.2872286e+00
  -5.4815644e-01  -1.3106253e+00
  -5.4815644e-01  -1.3312047e+00
  -5.4815644e-01  -1.3492744e+00
  -5.4815644e-01  -1.3651158e+00
  -5.4815644e-01  -1.3789848e+00
  -5.4815644e-01  -1.3911126e+00
  -5.4815644e-01  -1.4017065e+00
  -5.4815644e-01  -1.4109522e+00
  -5.4815644e-01  -1.4190146e+00
  -5.4815644e-01  -1.4260401e+00
  -5.4815644e-01  -1.4321584e+00
  -5.4815644e-01  -1.4374836e+00
  -5.4815644e-01  -1.4421163e+00
  -5.4815644e-01  -1.4461448e+00
  -5.4815644e-01  -1.4496467e+00
  -5.4815644e-01  -1.4526898e+00
  -5.4815644e-01  -1.4553334e+00
  -5.4815644e-01  -1.4576295e+00
  -5.4815644e-01  -1.4596231e+00
  -5.4467140e-01  -1.4613539e+00
  -5.4467140e-01  -1.4628563e+00
  -5.4467140e-01  -1.4641601e+00
  -5.4467140e-01  -1.4652047e+00
  -5.4467140e-01  -1.4659671e+00
  -5.4467140e-01  -1.4665165e+00
  -5.4467140e-01  -1.4669059e+00
  -5.4467140e-01  -1.4671756e+00
  -5.4467140e-01  -1.4673568e+00
  -5.4467140e-01  -1.4674726e+00
  -5.4467140e-01  -1.4675411e+00
  -5.4467140e-01  -1.4675755e+00
  -5.4467140e-01  -1.4675859e+00
  -5.4467140e-01  -1.4675798e+00
  -5.4467140e-01  -1.4675627e+00
  -5.4467140e-01  -1.4675387e+00
  -5.4467140e-01  -1.4675108e+00
  -5.4467140e-01  -1.4674810e+00
  -5.4467140e-01  -1.4674508e+00
  -5.4467140e-01  -1.4674213e+00
  -5.4467140e-01  -1.4673931e+00
  -5.4467140e-01  -1.4673666e+00
  -5.4467140e-01  -1.4673421e+00
  -5.4467140e-01  -1.4673195e+00
  -5.4467140e-01  -1.4672990e+00
  -5.4467140e-01  -1.4672805e+00
  -5.4467140e-01  -1.4672638e+00
  -5.4467140e-01  -1.4672490e+00
  -5.4467140e-01  -1.4672357e+00
  -5.4467140e-01  -1.4672239e+00
  -5.4467140e-01  -1.4672135e+00
  -5.4467140e-01  -1.4672043e+00
  -5.4467140e-01  -1.4671962e+00
  -5.4467140e-01  -1.4671891e+00
  -5.4467140e-01  -1.4671828e+00
  -5.4467140e-01  -1.4671773e+00
  -5.4467140e-01  -1.4671725e+00
  -5.4467140e-01  -1.4671683e+00
  -5.4467140e-01  -1.4671646e+00
  -5.4467140e-01  -1.4671614e+00
  -5.4467140e-01  -1.4671586e+00
  -5.4467140e-01  -1.4671562e+00
  -5.4467140e-01  -1.4671540e+00
  -5.4467140e-01  -1.4671522e+00
  -5.4467140e-01  -1.4671506e+00
  -5.4467140e-01  -1.4671492e+00
  -5.4467140e-01  -1.4671480e+00
  -5.4467140e-01  -1.4671469e+00
  -5.4467140e-01  -1.4671460e+00
  -5.4467140e-01  -1.4671452e+00
  -3.7779543e-01  -1.4671445e+00
  -3.7779543e-01  -1.4671439e+00
  -3.7779543e-01  -1.4671434e+00
  -3.7779543e-01  -1.4612539e+00
  -3.7779543e-01  -1.4464585e+00
  -3.7779543e-01  -1.4262150e+00
  -3.7779543e-01  -1.4030267e+00
  -3.7779543e-01  -1.3786537e+00
  -3.7779543e-01  -1.3542952e+00
  -3.7779543e-01  -1.3307370e+00
  -3.7779543e-01  -1.3084663e+00
  -3.7779543e-01  -1.2877586e+00
  -3.7779543e-01  -1.2687424e+00
  -3.7779543e-01  -1.2514463e+00
  -3.7779543e-01  -1.2358329e+00
  -3.7779543e-01  -1.2218234e+00
  -3.7779543e-01  -1.2093145e+00
  -3.7779543e-01  -1.1981904e+00
  -3.7779543e-01  -1.1883309e+00
  -3.7779543e-01  -1.1796169e+00
  -3.7779543e-01  -1.1719335e+00
  -3.7779543e-01  -1.1651726e+00
  -3.7779543e-01  -1.1592337e+00
  -3.7779543e-01  -1.1540249e+00
  -3.7779543e-01  -1.1494623e+00
  -3.7779543e-01  -1.1454704e+00
  -3.7779543e-01  -1.1419812e+00
  -3.7779543e-01  -1.1389341e+00
  -3.7779543e-01  -1.1362752e+00
  -3.7779543e-01  -1.1339566e+00
  -3.7779543e-01  -1.1319360e+00
  -3.7779543e-01  -1.1301761e+00
  -3.7779543e-01  -1.1286439e+00
  -3.7779543e-01  -1.1273106e+00
  -3.7779543e-01  -1.1261508e+00
  -3.7779543e-01  -1.1251423e+00
  -3.7779543e-01  -1.1242656e+00
  -3.7779543e-01  -1.1235037e+00
  -3.7779543e-01  -1.1228418e+00
  -3.7779543e-01  -1.1222668e+00
  -3.7779543e-01  -1.1217674e+00
  -3.7779543e-01  -1.1213338e+00
  -3.7779543e-01  -1.1209573e+00
  -3.7779543e-01  -1.1206306e+00
  -3.7779543e-01  -1.1203470e+00
  -3.7779543e-01  -1.1201008e+00
  -3.7779543e-01  -1.1198873e+00
  -3.7779543e-01  -1.1197020e+00
  -3.7779543e-01  -1.1195412e+00
  -3.7779543e-01  -1.1194017e+00
  -1.3958522e-01  -1.1192808e+00
  -1.3958522e-01  -1.1191758e+00
  -1.3958522e-01  -1.1190848e+00
  -1.3958522e-01  -1.1052623e+00
  -1.3958522e-01  -1.0709163e+00
  -1.3958522e-01  -1.0245345e+00
  -1.3958522e-01  -9.7223604e-01
  -1.3958522e-01  -9.1820524e-01
  -1.3958522e-01  -8.6515776e-01
  -1.3958522e-01  -8.1474917e-01
  -1.3958522e-01  -7.6789886e-01
  -1.3958522e-01  -7.2503187e-01
  -1.3958522e-01  -6.8625238e-01
  -1.3958522e-01  -6.5146461e-01
  -1.3958522e-01  -6.2045507e-01
  -1.3958522e-01  -5.9294733e-01
  -1.3958522e-01  -5.6863775e-01
  -1.3958522e-01  -5.4721804e-01
  -1.3958522e-01  -5.2838909e-01
  -1.3958522e-01  -5.1186896e-01
  -1.3958522e-01  -4.9739697e-01
  -1.3958522e-01  -4.8473537e-01
  -1.3958522e-01  -4.7366951e-01
  -1.3958522e-01  -4.6400699e-01
  -1.3958522e-01  -4.5557632e-01
  -1.3958522e-01  -4.4822532e-01
  -1.3958522e-01  -4.4181943e-01
  -1.3958522e-01  -4.3623995e-01
  -1.3958522e-01  -4.3138243e-01
  -1.3958522e-01  -4.2715515e-01
  -1.3958522e-01  -4.2347764e-01
  -1.3958522e-01  -4.2027941e-01
  -1.3958522e-01  -4.1749882e-01
  -1.3958522e-01  -4.1508194e-01
  -1.3958522e-01  -4.1298171e-01
  -1.3958522e-01  -4.1115703e-01
  -1.3958522e-01  -4.0957205e-01
  -1.3958522e-01  -4.0819554e-01
  -1.3958522e-01  -4.0700027e-01
  -1.3958522e-01  -4.0596253e-01
  -1.3958522e-01  -4.0506169e-01
  -1.3958522e-01  -4.0427977e-01
  -1.3958522e-01  -4.0360116e-01
  -1.3958522e-01  -4.0301227e-01
  -1.3958522e-01  -4.0250128e-01
  -1.3958522e-01  -4.0205793e-01
  -1.3958522e-01  -4.0167330e-01
  -1.3958522e-01  -4.0133963e-01
  -1.3958522e-01  -4.0105019e-01
  -1.3958522e-01  -4.0079913e-01
   8.0976194e-01  -4.0058137e-01
   8.0976194e-01  -4.0039251e-01
   8.0976194e-01  -4.0022872e-01
   8.0976194e-01  -3.7092335e-01
   8.0976194e-01  -2.9990362e-01
   8.0976194e-01  -2.0807587e-01
   8.0976194e-01  -1.1001919e-01
   8.0976194e-01  -1.4634475e-02
   8.0976194e-01   7.3353923e-02
   8.0976194e-01   1.5194280e-01
   8.0976194e-01   2.2074058e-01
   8.0976194e-01   2.8022054e-01
   8.0976194e-01   3.3125843e-01
   8.0976194e-01   3.7486539e-01
   8.0976194e-01   4.1204449e-01
   8.0976194e-01   4.4372131e-01
   8.0976194e-01   4.7071639e-01
   8.0976194e-01   4.9374029e-01
   8.0976194e-01   5.1339975e-01
   8.0976194e-01   5.3020862e-01
   8.0976194e-01   5.4460020e-01
   8.0976194e-01   5.5693912e-01
   8.0976194e-01   5.6753215e-01
   8.0976194e-01   5.7663760e-01
   8.0976194e-01   5.8447327e-01
   8.0976194e-01   5.9122322e-01
   8.0976194e-01   5.9704324e-01
   8.0976194e-01   6.0206557e-01
   8.0976194e-01   6.0640267e-01
   8.0976194e-01   6.1015039e-01
   8.0976194e-01   6.1339059e-01
   8.0976194e-01   6.1619334e-01
   8.0976194e-01   6.1861866e-01
   8.0976194e-01   6.2071812e-01
   8.0976194e-01   6.2253602e-01
   8.0976194e-01   6.2411052e-01
   8.0976194e-01   6.2547450e-01
   8.0976194e-01   6.2665630e-01
   8.0976194e-01   6.2768040e-01
   8.0976194e-01   6.2856796e-01
   8.0976194e-01   6.2933724e-01
   8.0976194e-01   6.3000408e-01
   8.0976194e-01   6.3058214e-01
   8.0976194e-01   6.3108327e-01
   8.0976194e-01   6.3151772e-01
   8.0976194e-01   6.3189438e-01
   8.0976194e-01   6.3222094e-01
   8.0976194e-01   6.3250407e-01
   8.0976194e-01   6.3274955e-01
   8.0976194e-01   6.3296239e-01
  -1.2226005e-01   6.3314692e-01
  -1.2226005e-01   6.3330691e-01
  -1.2226005e-01   6.3344563e-01
  -1.2226005e-01   6.2600133e-01
  -1.2226005e-01   6.0632740e-01
  -1.2226005e-01   5.7744669e-01
  -1.2226005e-01   5.4138494e-01
  -1.2226005e-01   4.9970949e-01
  -1.2226005e-01   4.5377193e-01
  -1.2226005e-01   4.0480755e-01
  -1.2226005e-01   3.5396400e-01
  -1.2226005e-01   3.0229667e-01
  -1.2226005e-01   2.5075189e-01
  -1.2226005e-01   2.0014965e-01
  -1.2226005e-01   1.5117182e-01
  -1.2226005e-01   1.0435820e-01
  -1.2226005e-01   6.0110128e-02
  -1.2226005e-01   1.8700585e-02
  -1.2226005e-01  -1.9711436e-02
  -1.2226005e-01  -5.5063980e-02
  -1.2226005e-01  -8.7374411e-02
  -1.2226005e-01  -1.1672220e-01
  -1.2226005e-01  -1.4323311e-01
  -1.2226005e-01  -1.6706529e-01
  -1.2226005e-01  -1.8839754e-01
  -1.2226005e-01  -2.0741973e-01
  -1.2226005e-01  -2.2432522e-01
  -1.2226005e-01  -2.3930517e-01
  -1.2226005e-01  -2.5254430e-01
  -1.2226005e-01  -2.6421804e-01
  -1.2226005e-01  -2.7449064e-01
  -1.2226005e-01  -2.8351414e-01
  -1.2226005e-01  -2.9142799e-01
  -1.2226005e-01  -2.9835904e-01
  -1.2226005e-01  -3.0442195e-01
  -1.2226005e-01  -3.0971977e-01
  -1.2226005e-01  -3.1434469e-01
  -1.2226005e-01  -3.1837882e-01
  -1.2226005e-01  -3.2189506e-01
  -1.2226005e-01  -3.2495792e-01
  -1.2226005e-01  -3.2762434e-01
  -1.2226005e-01  -3.2994448e-01
  -1.2226005e-01  -3.3196243e-01
  -1.2226005e-01  -3.3371686e-01
  -1.2226005e-01  -3.3524167e-01
  -1.2226005e-01  -3.3656651e-01
  -1.2226005e-01  -3.3771730e-01
  -1.2226005e-01  -3.3871668e-01
  -1.2226005e-01  -3.3958438e-01
  -1.2226005e-01  -3.4033762e-01
  -4.8387061e-01  -3.4099140e-01
  -4.8387061e-01  -3.4155876e-01
  -4.8387061e-01  -3.4205107e-01
  -4.8387061e-01  -3.5435995e-01
  -4.8387061e-01  -3.8518821e-01
  -4.8387061e-01  -4.2862375e-01
  -4.8387061e-01  -4.8042282e-01
  -4.8387061e-01  -5.3740459e-01
  -4.8387061e-01  -5.9712348e-01
  -4.8387061e-01  -6.5768245e-01
  -4.8387061e-01  -7.1761829e-01
  -4.8387061e-01  -7.7582365e-01
  -4.8387061e-01  -8.3148778e-01
  -4.8387061e-01  -8.8404736e-01
  -4.8387061e-01  -9.3314340e-01
  -4.8387061e-01  -9.7858275e-01
  -4.8387061e-01  -1.0203039e+00
  -4.8387061e-01  -1.0583467e+00
  -4.8387061e-01  -1.0928264e+00
  -4.8387061e-01  -1.1239120e+00
  -4.8387061e-01  -1.1518080e+00
  -4.8387061e-01  -1.1767398e+00
  -4.8387061e-01  -1.1989429e+00
  -4.8387061e-01  -1.2186535e+00
  -4.8387061e-01  -1.2361031e+00
  -4.8387061e-01  -1.2515132e+00
  -4.8387061e-01  -1.2650929e+00
  -4.8387061e-01  -1.2770370e+00
  -4.8387061e-01  -1.2875248e+00
  -4.8387061e-01  -1.2967202e+00
  -4.8387061e-01  -1.3047721e+00
  -4.8387061e-01  -1.3118144e+00
  -4.8387061e-01  -1.3179675e+00
  -4.8387061e-01  -1.3233389e+00
  -4.8387061e-01  -1.3280241e+00
  -4.8387061e-01  -1.3321079e+00
  -4.8387061e-01  -1.3356653e+00
  -4.8387061e-01  -1.3387625e+00
  -4.8387061e-01  -1.3414577e+00
  -4.8387061e-01  -1.3438020e+00
  -4.8387061e-01  -1.3458404e+00
  -4.8387061e-01  -1.3476121e+00
  -4.8387061e-01  -1.3491517e+00
  -4.8387061e-01  -1.3504891e+00
  -4.8387061e-01  -1.3516507e+00
  -4.8387061e-01  -1.3526593e+00
  -4.8387061e-01  -1.3535350e+00
  -4.8387061e-01  -1.3542951e+00
  -4.8387061e-01  -1.3549548e+00
  -4.8387061e-01  -1.3555272e+00
   1.8979215e-01  -1.3560240e+00
   1.8979215e-01  -1.3564549e+00
   1.8979215e-01  -1.3568288e+00
   1.8979215e-01  -1.3095014e+00
   1.8979215e-01  -1.1937794e+00
   1.8979215e-01  -1.0436213e+00
   1.8979215e-01  -8.8277392e-01
   1.8979215e-01  -7.2582634e-01
   1.8979215e-01  -5.8060962e-01
   1.8979215e-01  -4.5052574e-01
   1.8979215e-01  -3.3633133e-01
   1.8979215e-01  -2.3734557e-01
   1.8979215e-01  -1.5220384e-01
   1.8979215e-01  -7.9297359e-02
   1.8979215e-01  -1.7012411e-02
   1.8979215e-01   3.6151305e-02
   1.8979215e-01   8.1531671e-02
   1.8979215e-01   1.2029285e-01
   1.8979215e-01   1.5343306e-01
   1.8979215e-01   1.8180080e-01
   1.8979215e-01   2.0611384e-01
   1.8979215e-01   2.2697799e-01
   1.8979215e-01   2.4490428e-01
   1.8979215e-01   2.6032397e-01
   1.8979215e-01   2.7360155e-01
   1.8979215e-01   2.8504553e-01
   1.8979215e-01   2.9491757e-01
   1.8979215e-01   3.0344009e-01
   1.8979215e-01   3.1080248e-01
   1.8979215e-01   3.1716639e-01
   1.8979215e-01   3.2267002e-01
   1.8979215e-01   3.2743175e-01
   1.8979215e-01   3.3155313e-01
   1.8979215e-01   3.3512141e-01
   1.8979215e-01   3.3821165e-01
   1.8979215e-01   3.4088850e-01
   1.8979215e-01   3.4320771e-01
   1.8979215e-01   3.4521737e-01
   1.8979215e-01   3.4695903e-01
   1.8979215e-01   3.4846858e-01
   1.8979215e-01   3.4977708e-01
   1.8979215e-01   3.5091138e-01
   1.8979215e-01   3.5189472e-01
   1.8979215e-01   3.5274723e-01
   1.8979215e-01   3.5348635e-01
   1.8979215e-01   3.5412716e-01
   1.8979215e-01   3.5468276e-01
   1.8979215e-01   3.5516448e-01
   1.8979215e-01   3.5558215e-01
   1.8979215e-01   3.5594428e-01
   2.0568618e-01   3.5625826e-01
   2.0568618e-01   3.5653050e-01
   2.0568618e-01   3.5676653e-01
   2.0568618e-01   3.5729420e-01
   2.0568618e-01   3.5828556e-01
   2.0568618e-01   3.5955894e-01
   2.0568618e-01   3.6098341e-01
   2.0568618e-01   3.6246636e-01
   2.0568618e-01   3.6394388e-01
   2.0568618e-01   3.6537328e-01
   2.0568618e-01   3.6672741e-01
   2.0568618e-01   3.6799035e-01
   2.0568618e-01   3.6915418e-01
   2.0568618e-01   3.7021659e-01
   2.0568618e-01   3.7117909e-01
   2.0568618e-01   3.7204568e-01
   2.0568618e-01   3.7282193e-01
   2.0568618e-01   3.7351428e-01
   2.0568618e-01   3.7412958e-01
   2.0568618e-01   3.7467473e-01
   2.0568618e-01   3.7515644e-01
   2.0568618e-01   3.7558114e-01
   2.0568618e-01   3.7595485e-01
   2.0568618e-01   3.7628311e-01
   2.0568618e-01   3.7657103e-01
   2.0568618e-01   3.7682324e-01
   2.0568618e-01   3.7704392e-01
   2.0568618e-01   3.7723680e-01
   2.0568618e-01   3.7740524e-01
   2.0568618e-01   3.7755223e-01
   2.0568618e-01   3.7768039e-01
   2.0568618e-01   3.7779209e-01
   2.0568618e-01   3.7788937e-01
   2.0568618e-01   3.7797405e-01
   2.0568618e-01   3.7804774e-01
   2.0568618e-01   3.7811183e-01
   2.0568618e-01   3.7816757e-01
   2.0568618e-01   3.7821601e-01
   2.0568618e-01   3.7825811e-01
   2.0568618e-01   3.7829468e-01
   2.0568618e-01   3.7832645e-01
   2.0568618e-01   3.7835403e-01
   2.0568618e-01   3.7837799e-01
   2.0568618e-01   3.7839878e-01
   2.0568618e-01   3.7841683e-01
   2.0568618e-01   3.7843249e-01
   2.0568618e-01   3.7844608e-01
   2.0568618e-01   3.7845788e-01
   2.0568618e-01   3.7846811e-01
   2.0568618e-01   3.7847698e-01
  -5.5650653e-01   3.7848468e-01
  -5.5650653e-01   3.7849136e-01
  -5.5650653e-01   3.7849716e-01
  -5.5650653e-01   3.6484016e-01
  -5.5650653e-01   3.2902724e-01
  -5.5650653e-01   2.7633944e-01
  -5.5650653e-01   2.1026782e-01
  -5.5650653e-01   1.3351579e-01
  -5.5650653e-01   4.8448336e-02
  -5.5650653e-01  -4.2726432e-02
  -5.5650653e-01  -1.3790995e-01
  -5.5650653e-01  -2.3513020e-01
  -5.5650653e-01  -3.3258316e-01
  -5.5650653e-01  -4.2867582e-01
  -5.5650653e-01  -5.2205838e-01
  -5.5650653e-01  -6.1164060e-01
  -5.5650653e-01  -6.9659201e-01
  -5.5650653e-01  -7.7632827e-01
  -5.5650653e-01  -8.5048733e-01
  -5.5650653e-01  -9.1889942e-01
  -5.5650653e-01  -9.8155430e-01
  -5.5650653e-01  -1.0385685e+00
  -5.5650653e-01  -1.0901547e+00
  -5.5650653e-01  -1.1365946e+00
  -5.5650653e-01  -1.1782149e+00
  -5.5650653e-01  -1.2153689e+00
  -5.5650653e-01  -1.2484203e+00
  -5.5650653e-01  -1.2777318e+00
  -5.5650653e-01  -1.3036560e+00
  -5.5650653e-01  -1.3265296e+00
  -5.5650653e-01  -1.3466691e+00
  -5.5650653e-01  -1.3643683e+00
  -5.5650653e-01  -1.3798976e+00
  -5.5650653e-01  -1.3935034e+00
  -5.5650653e-01  -1.4054088e+00
  -5.5650653e-01  -1.4158148e+00
  -5.5650653e-01  -1.4249013e+00
  -5.5650653e-01  -1.4328288e+00
  -5.5650653e-01  -1.4397398e+00
  -5.5650653e-01  -1.4457607e+00
  -5.5650653e-01  -1.4510030e+00
  -5.5650653e-01  -1.4555651e+00
  -5.5650653e-01  -1.4595333e+00
  -5.5650653e-01  -1.4629837e+00
  -5.5650653e-01  -1.4659827e+00
  -5.5650653e-01  -1.4685886e+00
  -5.5650653e-01  -1.4708523e+00
  -5.5650653e-01  -1.4728183e+00
  -5.5650653e-01  -1.4745253e+00
  -5.5650653e-01  -1.4760072e+00
  -4.0664825e-01  -1.4772934e+00
  -4.0664825e-01  -1.4784097e+00
  -4.0664825e-01  -1.4793783e+00
  -4.0664825e-01  -1.4753070e+00
  -4.0664825e-01  -1.4636825e+00
  -4.0664825e-01  -1.4473849e+00
  -4.0664825e-01  -1.4285041e+00
  -4.0664825e-01  -1.4085170e+00
  -4.0664825e-01  -1.3884378e+00
  -4.0664825e-01  -1.3689381e+00
  -4.0664825e-01  -1.3504408e+00
  -4.0664825e-01  -1.3331914e+00
  -4.0664825e-01  -1.3173111e+00
  -4.0664825e-01  -1.3028353e+00
  -4.0664825e-01  -1.2897427e+00
  -4.0664825e-01  -1.2779752e+00
  -4.0664825e-01  -1.2674524e+00
  -4.0664825e-01  -1.2580824e+00
  -4.0664825e-01  -1.2497680e+00
  -4.0664825e-01  -1.2424120e+00
  -4.0664825e-01  -1.2359203e+00
  -4.0664825e-01  -1.2302036e+00
  -4.0664825e-01  -1.2251785e+00
  -4.0664825e-01  -1.2207685e+00
  -4.0664825e-01  -1.2169035e+00
  -4.0664825e-01  -1.2135204e+00
  -4.0664825e-01  -1.2105621e+00
  -4.0664825e-01  -1.2079778e+00
  -4.0664825e-01  -1.2057220e+00
  -4.0664825e-01  -1.2037543e+00
  -4.0664825e-01  -1.2020392e+00
  -4.0664825e-01  -1.2005450e+00
  -4.0664825e-01  -1.1992439e+00
  -4.0664825e-01  -1.1981116e+00
  -4.0664825e-01  -1.1971264e+00
  -4.0664825e-01  -1.1962696e+00
  -4.0664825e-01  -1.1955248e+00
  -4.0664825e-01  -1.1948774e+00
  -4.0664825e-01  -1.1943149e+00
  -4.0664825e-01  -1.1938262e+00
  -4.0664825e-01  -1.1934018e+00
  -4.0664825e-01  -1.1930333e+00
  -4.0664825e-01  -1.1927133e+00
  -4.0664825e-01  -1.1924356e+00
  -4.0664825e-01  -1.1921945e+00
  -4.0664825e-01  -1.1919853e+00
  -4.0664825e-01  -1.1918037e+00
  -4.0664825e-01  -1.1916462e+00
  -4.0664825e-01  -1.1915095e+00
  -4.0664825e-01  -1.1913909e+00
  -1.5166648e-01  -1.1912881e+00
  -1.5166648e-01  -1.1911989e+00
  -1.5166648e-01  -1.1911215e+00
  -1.5166648e-01  -1.1766152e+00
  -1.5166648e-01  -1.1405508e+00
  -1.5166648e-01  -1.0918568e+00
  -1.5166648e-01  -1.0369692e+00
  -1.5166648e-01  -9.8028603e-01
  -1.5166648e-01  -9.2465818e-01
  -1.5166648e-01  -8.7182028e-01
  -1.5166648e-01  -8.2273272e-01
  -1.5166648e-01  -7.7783659e-01
  -1.5166648e-01  -7.3723660e-01
  -1.5166648e-01  -7.0082828e-01
  -1.5166648e-01  -6.6838443e-01
  -1.5166648e-01  -6.3961260e-01
  -1.5166648e-01  -6.1419245e-01
  -1.5166648e-01  -5.9179938e-01
  -1.5166648e-01  -5.7211888e-01
  -1.5166648e-01  -5.5485479e-01
  -1.5166648e-01  -5.3973353e-01
  -1.5166648e-01  -5.2650581e-01
  -1.5166648e-01  -5.1494664e-01
  -1.5166648e-01  -5.0485450e-01
  -1.5166648e-01  -4.9604984e-01
  -1.5166648e-01  -4.8837342e-01
  -1.5166648e-01  -4.8168444e-01
  -1.5166648e-01  -4.7585879e-01
  -1.5166648e-01  -4.7078725e-01
  -1.5166648e-01  -4.6637393e-01
  -1.5166648e-01  -4.6253474e-01
  -1.5166648e-01  -4.5919605e-01
  -1.5166648e-01  -4.5629342e-01
  -1.5166648e-01  -4.5377055e-01
  -1.5166648e-01  -4.5157826e-01
  -1.5166648e-01  -4.4967365e-01
  -1.5166648e-01  -4.4801927e-01
  -1.5166648e-01  -4.4658251e-01
  -1.5166648e-01  -4.4533494e-01
  -1.5166648e-01  -4.4425181e-01
  -1.5166648e-01  -4.4331157e-01
  -1.5166648e-01  -4.4249547e-01
  -1.5166648e-01  -4.4178720e-01
  -1.5166648e-01  -4.4117257e-01
  -1.5166648e-01  -4.4063925e-01
  -1.5166648e-01  -4.4017654e-01
  -1.5166648e-01  -4.3977510e-01
  -1.5166648e-01  -4.3942685e-01
  -1.5166648e-01  -4.3912477e-01
  -1.5166648e-01  -4.3886274e-01
