   6.2944737e-01   0.0000000e+00
   6.2944737e-01   0.0000000e+00
   6.2944737e-01   0.0000000e+00
   6.2944737e-01   1.4782308e-02
   6.2944737e-01   5.1112933e-02
   6.2944737e-01   9.8994493e-02
   6.2944737e-01   1.5133284e-01
   6.2944737e-01   2.0356982e-01
   6.2944737e-01   2.5305182e-01
   6.2944737e-01   2.9842696e-01
   6.2944737e-01   3.3917174e-01
   6.2944737e-01   3.7525601e-01
   6.2944737e-01   4.0692128e-01
   6.2944737e-01   4.3454140e-01
   6.2944737e-01   4.5853897e-01
   6.2944737e-01   4.7933788e-01
   6.2944737e-01   4.9733803e-01
   6.2944737e-01   5.1290371e-01
   6.2944737e-01   5.2635960e-01
   6.2944737e-01   5.3799115e-01
   6.2944737e-01   5.4804713e-01
   6.2944737e-01   5.5674315e-01
   6.2944737e-01   5.6426546e-01
   6.2944737e-01   5.7077463e-01
   6.2944737e-01   5.7640897e-01
   6.2944737e-01   5.8128759e-01
   6.2944737e-01   5.8551306e-01
   6.2944737e-01   5.8917378e-01
   6.2944737e-01   5.9234594e-01
   6.2944737e-01   5.9509528e-01
   6.2944737e-01   5.9747855e-01
   6.2944737e-01   5.9954478e-01
   6.2944737e-01   6.0133633e-01
   6.2944737e-01   6.0288987e-01
   6.2944737e-01   6.0423710e-01
   6.2944737e-01   6.0540549e-01
   6.2944737e-01   6.0641880e-01
   6.2944737e-01   6.0729766e-01
   6.2944737e-01   6.0805990e-01
   6.2944737e-01   6.0872100e-01
   6.2944737e-01   6.0929439e-01
   6.2944737e-01   6.0979169e-01
   6.2944737e-01   6.1022300e-01
   6.2944737e-01   6.1059707e-01
   6.2944737e-01   6.1092149e-01
   6.2944737e-01   6.1120285e-01
   6.2944737e-01   6.1144685e-01
   6.2944737e-01   6.1165845e-01
   6.2944737e-01   6.1184195e-01
   6.2944737e-01   6.1200108e-01
  -7.4602637e-01   6.1213907e-01
  -7.4602637e-01   6.1225873e-01
  -7.4602637e-01   6.1236248e-01
  -7.4602637e-01   6.0047525e-01
  -7.4602637e-01   5.6867380e-01
  -7.4602637e-01   5.2061057e-01
  -7.4602637e-01   4.5832301e-01
  -7.4602637e-01   3.8330510e-01
  -7.4602637e-01   2.9700100e-01
  -7.4602637e-01   2.0101556e-01
  -7.4602637e-01   9.7167758e-02
  -7.4602637e-01  -1.2547209e-02
  -7.4602637e-01  -1.2604460e-01
  -7.4602637e-01  -2.4125485e-01
  -7.4602637e-01  -3.5622434e-01
  -7.4602637e-01  -4.6919804e-01
  -7.4602637e-01  -5.7867697e-01
  -7.4602637e-01  -6.8344898e-01
  -7.4602637e-01  -7.8259535e-01
  -7.4602637e-01  -8.7547818e-01
  -7.4602637e-01  -9.6171406e-01
  -7.4602637e-01  -1.0411395e+00
  -7.4602637e-01  -1.1137726e+00
  -7.4602637e-01  -1.1797755e+00
  -7.4602637e-01  -1.2394181e+00
  -7.4602637e-01  -1.2930465e+00
  -7.4602637e-01  -1.3410563e+00
  -7.4602637e-01  -1.3838701e+00
  -7.4602637e-01  -1.4219204e+00
  -7.4602637e-01  -1.4556354e+00
  -7.4602637e-01  -1.4854303e+00
  -7.4602637e-01  -1.5116996e+00
  -7.4602637e-01  -1.5348131e+00
  -7.4602637e-01  -1.5551132e+00
  -7.4602637e-01  -1.5729143e+00
  -7.4602637e-01  -1.5885022e+00
  -7.4602637e-01  -1.6021355e+00
  -7.4602637e-01  -1.6140465e+00
  -7.4602637e-01  -1.6244430e+00
  -7.4602637e-01  -1.6335100e+00
  -7.4602637e-01  -1.6414118e+00
  -7.4602637e-01  -1.6482938e+00
  -7.4602637e-01  -1.6542841e+00
  -7.4602637e-01  -1.6594959e+00
  -7.4602637e-01  -1.6640282e+00
  -7.4602637e-01  -1.6679682e+00
  -7.4602637e-01  -1.6713921e+00
  -7.4602637e-01  -1.6743667e+00
  -7.4602637e-01  -1.6769503e+00
  -7.4602637e-01  -1.6791937e+00
   2.6471849e-01  -1.6811414e+00
   2.6471849e-01  -1.6828320e+00
   2.6471849e-01  -1.6842993e+00
   2.6471849e-01  -1.6199965e+00
   2.6471849e-01  -1.4625946e+00
   2.6471849e-01  -1.2605836e+00
   2.6471849e-01  -1.0474481e+00
   2.6471849e-01  -8.4302873e-01
   2.6471849e-01  -6.5726404e-01
   2.6471849e-01  -4.9382483e-01
   2.6471849e-01  -3.5282993e-01
   2.6471849e-01  -2.3261891e-01
   2.6471849e-01  -1.3080635e-01
   2.6471849e-01  -4.4859286e-02
   2.6471849e-01   2.7615538e-02
   2.6471849e-01   8.8749917e-02
   2.6471849e-01   1.4038103e-01
   2.6471849e-01   1.8406204e-01
   2.6471849e-01   2.2109159e-01
   2.6471849e-01   2.5254918e-01
   2.6471849e-01   2.7932984e-01
   2.6471849e-01   3.0217543e-01
   2.6471849e-01   3.2170155e-01
   2.6471849e-01   3.3842008e-01
   2.6471849e-01   3.5275782e-01
   2.6471849e-01   3.6507168e-01
   2.6471849e-01   3.7566108e-01
   2.6471849e-01   3.8477798e-01
   2.6471849e-01   3.9263511e-01
   2.6471849e-01   3.9941253e-01
   2.6471849e-01   4.0526314e-01
   2.6471849e-01   4.1031705e-01
   2.6471849e-01   4.1468529e-01
   2.6471849e-01   4.1846275e-01
   2.6471849e-01   4.2173073e-01
   2.6471849e-01   4.2455896e-01
   2.6471849e-01   4.2700739e-01
   2.6471849e-01   4.2912755e-01
   2.6471849e-01   4.3096388e-01
   2.6471849e-01   4.3255466e-01
   2.6471849e-01   4.3393295e-01
   2.6471849e-01   4.3512727e-01
   2.6471849e-01   4.3616229e-01
   2.6471849e-01   4.3705935e-01
   2.6471849e-01   4.3783688e-01
   2.6471849e-01   4.3851085e-01
   2.6471849e-01   4.3909509e-01
   2.6471849e-01   4.3960155e-01
   2.6471849e-01   4.4004061e-01
   2.6471849e-01   4.4042124e-01
  -4.4300356e-01   4.4075122e-01
  -4.4300356e-01   4.4103730e-01
  -4.4300356e-01   4.4128532e-01
  -4.4300356e-01   4.2903927e-01
  -4.4300356e-01   3.9655301e-01
  -4.4300356e-01   3.4862293e-01
  -4.4300356e-01   2.8840506e-01
  -4.4300356e-01   2.1833999e-01
  -4.4300356e-01   1.4056718e-01
  -4.4300356e-01   5.7092505e-02
  -4.4300356e-01  -3.0168628e-02
  -4.4300356e-01  -1.1940784e-01
  -4.4300356e-01  -2.0896352e-01
  -4.4300356e-01  -2.9736223e-01
  -4.4300356e-01  -3.8335024e-01
  -4.4300356e-01  -4.6591045e-01
  -4.4300356e-01  -5.4426400e-01
  -4.4300356e-01  -6.1785888e-01
  -4.4300356e-01  -6.8634885e-01
  -4.4300356e-01  -7.4956626e-01
  -4.4300356e-01  -8.0749210e-01
  -4.4300356e-01  -8.6022595e-01
  -4.4300356e-01  -9.0795768e-01
  -4.4300356e-01  -9.5094207e-01
  -4.4300356e-01  -9.8947707e-01
  -4.4300356e-01  -1.0238858e+00
  -4.4300356e-01  -1.0545021e+00
  -4.4300356e-01  -1.0816594e+00
  -4.4300356e-01  -1.1056826e+00
  -4.4300356e-01  -1.1268822e+00
  -4.4300356e-01  -1.1455502e+00
  -4.4300356e-01  -1.1619582e+00
  -4.4300356e-01  -1.1763561e+00
  -4.4300356e-01  -1.1889717e+00
  -4.4300356e-01  -1.2000116e+00
  -4.4300356e-01  -1.2096617e+00
  -4.4300356e-01  -1.2180886e+00
  -4.4300356e-01  -1.2254410e+00
  -4.4300356e-01  -1.2318510e+00
  -4.4300356e-01  -1.2374356e+00
  -4.4300356e-01  -1.2422982e+00
  -4.4300356e-01  -1.2465300e+00
  -4.4300356e-01  -1.2502110e+00
  -4.4300356e-01  -1.2534118e+00
  -4.4300356e-01  -1.2561938e+00
  -4.4300356e-01  -1.2586113e+00
  -4.4300356e-01  -1.2607113e+00
  -4.4300356e-01  -1.2625351e+00
  -4.4300356e-01  -1.2641187e+00
  -4.4300356e-01  -1.2654935e+00
   9.1501367e-01  -1.2666867e+00
   9.1501367e-01  -1.2677223e+00
   9.1501367e-01  -1.2686210e+00
   9.1501367e-01  -1.2046683e+00
   9.1501367e-01  -1.0500522e+00
   9.1501367e-01  -8.5430554e-01
   9.1501367e-01  -6.5110983e-01
   9.1501367e-01  -4.5965211e-01
   9.1501367e-01  -2.8881817e-01
   9.1501367e-01  -1.4121419e-01
   9.1501367e-01  -1.6086598e-02
   9.1501367e-01   8.8846251e-02
   9.1501367e-01   1.7635953e-01
   9.1501367e-01   2.4919377e-01
   9.1501367e-01   3.0982003e-01
   9.1501367e-01   3.6036253e-01
   9.1501367e-01   4.0259898e-01
   9.1501367e-01   4.3799472e-01
   9.1501367e-01   4.6774789e-01
   9.1501367e-01   4.9283463e-01
   9.1501367e-01   5.1404977e-01
   9.1501367e-01   5.3204133e-01
   9.1501367e-01   5.4733902e-01
   9.1501367e-01   5.6037738e-01
   9.1501367e-01   5.7151419e-01
   9.1501367e-01   5.8104530e-01
   9.1501367e-01   5.8921640e-01
   9.1501367e-01   5.9623229e-01
   9.1501367e-01   6.0226446e-01
   9.1501367e-01   6.0745699e-01
   9.1501367e-01   6.1193137e-01
   9.1501367e-01   6.1579040e-01
   9.1501367e-01   6.1912131e-01
   9.1501367e-01   6.2199830e-01
   9.1501367e-01   6.2448468e-01
   9.1501367e-01   6.2663455e-01
   9.1501367e-01   6.2849424e-01
   9.1501367e-01   6.3010351e-01
   9.1501367e-01   6.3149651e-01
   9.1501367e-01   6.3270262e-01
   9.1501367e-01   6.3374715e-01
   9.1501367e-01   6.3465191e-01
   9.1501367e-01   6.3543573e-01
   9.1501367e-01   6.3611487e-01
   9.1501367e-01   6.3670337e-01
   9.1501367e-01   6.3721337e-01
   9.1501367e-01   6.3765538e-01
   9.1501367e-01   6.3803849e-01
   9.1501367e-01   6.3837057e-01
   9.1501367e-01   6.3865841e-01
  -6.8477384e-01   6.3890793e-01
  -6.8477384e-01   6.3912423e-01
  -6.8477384e-01   6.3931174e-01
  -6.8477384e-01   6.2801423e-01
  -6.8477384e-01   5.9761374e-01
  -6.8477384e-01   5.5151739e-01
  -6.8477384e-01   4.9157366e-01
  -6.8477384e-01   4.1911711e-01
  -6.8477384e-01   3.3545252e-01
  -6.8477384e-01   2.4206465e-01
  -6.8477384e-01   1.4067394e-01
  -6.8477384e-01   3.3201003e-02
  -6.8477384e-01  -7.8319233e-02
  -6.8477384e-01  -1.9184345e-01
  -6.8477384e-01  -3.0542367e-01
  -6.8477384e-01  -4.1729407e-01
  -6.8477384e-01  -5.2593296e-01
  -6.8477384e-01  -6.3009798e-01
  -6.8477384e-01  -7.2883662e-01
  -6.8477384e-01  -8.2147657e-01
  -6.8477384e-01  -9.0760158e-01
  -6.8477384e-01  -9.8701836e-01
  -6.8477384e-01  -1.0597192e+00
  -6.8477384e-01  -1.1258440e+00
  -6.8477384e-01  -1.1856448e+00
  -6.8477384e-01  -1.2394534e+00
  -6.8477384e-01  -1.2876544e+00
  -6.8477384e-01  -1.3306620e+00
  -6.8477384e-01  -1.3689025e+00
  -6.8477384e-01  -1.4028002e+00
  -6.8477384e-01  -1.4327673e+00
  -6.8477384e-01  -1.4591967e+00
  -6.8477384e-01  -1.4824574e+00
  -6.8477384e-01  -1.5028918e+00
  -6.8477384e-01  -1.5208143e+00
  -6.8477384e-01  -1.5365115e+00
  -6.8477384e-01  -1.5502425e+00
  -6.8477384e-01  -1.5622404e+00
  -6.8477384e-01  -1.5727141e+00
  -6.8477384e-01  -1.5818493e+00
  -6.8477384e-01  -1.5898113e+00
  -6.8477384e-01  -1.5967462e+00
  -6.8477384e-01  -1.6027831e+00
  -6.8477384e-01  -1.6080356e+00
  -6.8477384e-01  -1.6126037e+00
  -6.8477384e-01  -1.6165749e+00
  -6.8477384e-01  -1.6200261e+00
  -6.8477384e-01  -1.6230245e+00
  -6.8477384e-01  -1.6256287e+00
  -6.8477384e-01  -1.6278902e+00
   9.1433390e-01  -1.6298536e+00
   9.1433390e-01  -1.6315579e+00
   9.1433390e-01  -1.6330371e+00
   9.1433390e-01  -1.5531664e+00
   9.1433390e-01  -1.3603564e+00
   9.1433390e-01  -1.1178203e+00
   9.1433390e-01  -8.6818284e-01
   9.1433390e-01  -6.3519788e-01
   9.1433390e-01  -4.2936519e-01
   9.1433390e-01  -2.5327469e-01
   9.1433390e-01  -1.0542341e-01
   9.1433390e-01   1.7443046e-02
   9.1433390e-01   1.1904643e-01
   9.1433390e-01   2.0294764e-01
   9.1433390e-01   2.7228791e-01
   9.1433390e-01   3.2972115e-01
   9.1433390e-01   3.7743615e-01
   9.1433390e-01   4.1721410e-01
   9.1433390e-01   4.5049485e-01
   9.1433390e-01   4.7843946e-01
   9.1433390e-01   5.0198444e-01
   9.1433390e-01   5.2188685e-01
   9.1433390e-01   5.3876072e-01
   9.1433390e-01   5.5310612e-01
   9.1433390e-01   5.6533213e-01
   9.1433390e-01   5.7577503e-01
   9.1433390e-01   5.8471251e-01
   9.1433390e-01   5.9237498e-01
   9.1433390e-01   5.9895446e-01
   9.1433390e-01   6.0461165e-01
   9.1433390e-01   6.0948157e-01
   9.1433390e-01   6.1367810e-01
   9.1433390e-01   6.1729758e-01
   9.1433390e-01   6.2042175e-01
   9.1433390e-01   6.2312020e-01
   9.1433390e-01   6.2545227e-01
   9.1433390e-01   6.2746870e-01
   9.1433390e-01   6.2921294e-01
   9.1433390e-01   6.3072227e-01
   9.1433390e-01   6.3202874e-01
   9.1433390e-01   6.3315990e-01
   9.1433390e-01   6.3413948e-01
   9.1433390e-01   6.3498797e-01
   9.1433390e-01   6.3572302e-01
   9.1433390e-01   6.3635988e-01
   9.1433390e-01   6.3691172e-01
   9.1433390e-01   6.3738995e-01
   9.1433390e-01   6.3780440e-01
   9.1433390e-01   6.3816362e-01
   9.1433390e-01   6.3847497e-01
   6.0056094e-01   6.3874485e-01
   6.0056094e-01   6.3897879e-01
   6.0056094e-01   6.3918158e-01
   6.0056094e-01   6.3886149e-01
   6.0056094e-01   6.3776051e-01
   6.0056094e-01   6.3615922e-01
   6.0056094e-01   6.3426099e-01
   6.0056094e-01   6.3221236e-01
   6.0056094e-01   6.3011770e-01
   6.0056094e-01   6.2804983e-01
   6.0056094e-01   6.2605809e-01
   6.0056094e-01   6.2417430e-01
   6.0056094e-01   6.2241734e-01
   6.0056094e-01   6.2079671e-01
   6.0056094e-01   6.1931509e-01
   6.0056094e-01   6.1797045e-01
   6.0056094e-01   6.1675756e-01
   6.0056094e-01   6.1566910e-01
   6.0056094e-01   6.1469657e-01
   6.0056094e-01   6.1383084e-01
   6.0056094e-01   6.1306266e-01
   6.0056094e-01   6.1238293e-01
   6.0056094e-01   6.1178290e-01
   6.0056094e-01   6.1125434e-01
   6.0056094e-01   6.1078959e-01
   6.0056094e-01   6.1038161e-01
   6.0056094e-01   6.1002396e-01
   6.0056094e-01   6.0971083e-01
   6.0056094e-01   6.0943698e-01
   6.0056094e-01   6.0919771e-01
   6.0056094e-01   6.0898884e-01
   6.0056094e-01   6.0880664e-01
   6.0056094e-01   6.0864781e-01
   6.0056094e-01   6.0850944e-01
   6.0056094e-01   6.0838896e-01
   6.0056094e-01   6.0828410e-01
   6.0056094e-01   6.0819288e-01
   6.0056094e-01   6.0811355e-01
   6.0056094e-01   6.0804459e-01
   6.0056094e-01   6.0798465e-01
   6.0056094e-01   6.0793258e-01
   6.0056094e-01   6.0788735e-01
   6.0056094e-01   6.0784806e-01
   6.0056094e-01   6.0781395e-01
   6.0056094e-01   6.0778434e-01
   6.0056094e-01   6.0775864e-01
   6.0056094e-01   6.0773633e-01
   6.0056094e-01   6.0771698e-01
   6.0056094e-01   6.0770018e-01
   6.0056094e-01   6.0768561e-01
  -1.5647743e-01   6.0767296e-01
  -1.5647743e-01   6.0766200e-01
  -1.5647743e-01   6.0765248e-01
  -1.5647743e-01   5.9950708e-01
  -1.5647743e-01   5.7821219e-01
  -1.5647743e-01   5.4700265e-01
  -1.5647743e-01   5.0804581e-01
  -1.5647743e-01   4.6302049e-01
  -1.5647743e-01   4.1337732e-01
  -1.5647743e-01   3.6044524e-01
  -1.5647743e-01   3.0546170e-01
  -1.5647743e-01   2.4956693e-01
  -1.5647743e-01   1.9378517e-01
  -1.5647743e-01   1.3900539e-01
  -1.5647743e-01   8.5967993e-02
  -1.5647743e-01   3.5260095e-02
  -1.5647743e-01  -1.2680867e-02
  -1.5647743e-01  -5.7556537e-02
  -1.5647743e-01  -9.9192183e-02
  -1.5647743e-01  -1.3751847e-01
  -1.5647743e-01  -1.7255232e-01
  -1.5647743e-01  -2.0437828e-01
  -1.5647743e-01  -2.3313137e-01
  -1.5647743e-01  -2.5898198e-01
  -1.5647743e-01  -2.8212314e-01
  -1.5647743e-01  -3.0276007e-01
  -1.5647743e-01  -3.2110196e-01
  -1.5647743e-01  -3.3735574e-01
  -1.5647743e-01  -3.5172147e-01
  -1.5647743e-01  -3.6438920e-01
  -1.5647743e-01  -3.7553696e-01
  -1.5647743e-01  -3.8532957e-01
  -1.5647743e-01  -3.9391821e-01
  -1.5647743e-01  -4.0144046e-01
  -1.5647743e-01  -4.0802068e-01
  -1.5647743e-01  -4.1377065e-01
  -1.5647743e-01  -4.1879038e-01
  -1.5647743e-01  -4.2316895e-01
  -1.5647743e-01  -4.2698546e-01
  -1.5647743e-01  -4.3030992e-01
  -1.5647743e-01  -4.3320411e-01
  -1.5647743e-01  -4.3572246e-01
  -1.5647743e-01  -4.3791282e-01
  -1.5647743e-01  -4.3981716e-01
  -1.5647743e-01  -4.4147226e-01
  -1.5647743e-01  -4.4291032e-01
  -1.5647743e-01  -4.4415945e-01
  -1.5647743e-01  -4.4524424e-01
  -1.5647743e-01  -4.4618610e-01
  -1.5647743e-01  -4.4700372e-01
   5.8441466e-01  -4.4771338e-01
   5.8441466e-01  -4.4832923e-01
   5.8441466e-01  -4.4886362e-01
   5.8441466e-01  -4.2007150e-01
   5.8441466e-01  -3.4923373e-01
   5.8441466e-01  -2.5718879e-01
   5.8441466e-01  -1.5851956e-01
   5.8441466e-01  -6.2194003e-02
   5.8441466e-01   2.6967096e-02
   5.8441466e-01   1.0686312e-01
   5.8441466e-01   1.7701979e-01
   5.8441466e-01   2.3784774e-01
   5.8441466e-01   2.9017959e-01
   5.8441466e-01   3.3499957e-01
   5.8441466e-01   3.7329622e-01
   5.8441466e-01   4.0598935e-01
   5.8441466e-01   4.3389969e-01
   5.8441466e-01   4.5774172e-01
   5.8441466e-01   4.7812832e-01
   5.8441466e-01   4.9558061e-01
   5.8441466e-01   5.1053953e-01
   5.8441466e-01   5.2337734e-01
   5.8441466e-01   5.3440812e-01
   5.8441466e-01   5.4389698e-01
   5.8441466e-01   5.5206801e-01
   5.8441466e-01   5.5911092e-01
   5.8441466e-01   5.6518664e-01
   5.8441466e-01   5.7043195e-01
   5.8441466e-01   5.7496336e-01
   5.8441466e-01   5.7888033e-01
   5.8441466e-01   5.8226786e-01
   5.8441466e-01   5.8519879e-01
   5.8441466e-01   5.8773562e-01
   5.8441466e-01   5.8993202e-01
   5.8441466e-01   5.9183420e-01
   5.8441466e-01   5.9348194e-01
   5.8441466e-01   5.9490954e-01
   5.8441466e-01   5.9614661e-01
   5.8441466e-01   5.9721871e-01
   5.8441466e-01   5.9814795e-01
   5.8441466e-01   5.9895342e-01
   5.8441466e-01   5.9965167e-01
   5.8441466e-01   6.0025699e-01
   5.8441466e-01   6.0078178e-01
   5.8441466e-01   6.0123676e-01
   5.8441466e-01   6.0163124e-01
   5.8441466e-01   6.0197326e-01
   5.8441466e-01   6.0226980e-01
   5.8441466e-01   6.0252691e-01
   5.8441466e-01   6.0274983e-01
   3.1148140e-01   6.0294312e-01
   3.1148140e-01   6.0311070e-01
   3.1148140e-01   6.0325600e-01
   3.1148140e-01   6.0172113e-01
   3.1148140e-01   5.9761082e-01
   3.1148140e-01   5.9181945e-01
   3.1148140e-01   5.8499340e-01
   3.1148140e-01   5.7760527e-01
   3.1148140e-01   5.7000102e-01
   3.1148140e-01   5.6243168e-01
   3.1148140e-01   5.5507578e-01
   3.1148140e-01   5.4805596e-01
   3.1148140e-01   5.4145181e-01
   3.1148140e-01   5.3530996e-01
   3.1148140e-01   5.2965208e-01
   3.1148140e-01   5.2448135e-01
   3.1148140e-01   5.1978755e-01
   3.1148140e-01   5.1555114e-01
   3.1148140e-01   5.1174643e-01
   3.1148140e-01   5.0834401e-01
   3.1148140e-01   5.0531265e-01
   3.1148140e-01   5.0262060e-01
   3.1148140e-01   5.0023665e-01
   3.1148140e-01   4.9813075e-01
   3.1148140e-01   4.9627452e-01
   3.1148140e-01   4.9464149e-01
   3.1148140e-01   4.9320722e-01
   3.1148140e-01   4.9194940e-01
   3.1148140e-01   4.9084775e-01
   3.1148140e-01   4.8988401e-01
   3.1148140e-01   4.8904177e-01
   3.1148140e-01   4.8830637e-01
   3.1148140e-01   4.8766478e-01
   3.1148140e-01   4.8710543e-01
   3.1148140e-01   4.8661807e-01
   3.1148140e-01   4.8619368e-01
   3.1148140e-01   4.8582431e-01
   3.1148140e-01   4.8550297e-01
   3.1148140e-01   4.8522351e-01
   3.1148140e-01   4.8498057e-01
   3.1148140e-01   4.8476943e-01
   3.1148140e-01   4.8458599e-01
   3.1148140e-01   4.8442665e-01
   3.1148140e-01   4.8428827e-01
   3.1148140e-01   4.8416811e-01
   3.1148140e-01   4.8406381e-01
   3.1148140e-01   4.8397327e-01
   3.1148140e-01   4.8389470e-01
   3.1148140e-01   4.8382651e-01
   3.1148140e-01   4.8376735e-01
   6.9825861e-01   4.8371603e-01
   6.9825861e-01   4.8367150e-01
   6.9825861e-01   4.8363287e-01
   6.9825861e-01   4.8615300e-01
   6.9825861e-01   4.9251106e-01
   6.9825861e-01   5.0115860e-01
   6.9825861e-01   5.1097671e-01
   6.9825861e-01   5.2119168e-01
   6.9825861e-01   5.3129169e-01
   6.9825861e-01   5.4095559e-01
   6.9825861e-01   5.4999671e-01
   6.9825861e-01   5.5832060e-01
   6.9825861e-01   5.6589430e-01
   6.9825861e-01   5.7272449e-01
   6.9825861e-01   5.7884233e-01
   6.9825861e-01   5.8429306e-01
   6.9825861e-01   5.8912905e-01
   6.9825861e-01   5.9340517e-01
   6.9825861e-01   5.9717591e-01
   6.9825861e-01   6.0049352e-01
   6.9825861e-01   6.0340701e-01
   6.9825861e-01   6.0596161e-01
   6.9825861e-01   6.0819856e-01
   6.9825861e-01   6.1015514e-01
   6.9825861e-01   6.1186483e-01
   6.9825861e-01   6.1335752e-01
   6.9825861e-01   6.1465978e-01
   6.9825861e-01   6.1579518e-01
   6.9825861e-01   6.1678453e-01
   6.9825861e-01   6.1764618e-01
   6.9825861e-01   6.1839626e-01
   6.9825861e-01   6.1904897e-01
   6.9825861e-01   6.1961674e-01
   6.9825861e-01   6.2011045e-01
   6.9825861e-01   6.2053965e-01
   6.9825861e-01   6.2091266e-01
   6.9825861e-01   6.2123677e-01
   6.9825861e-01   6.2151832e-01
   6.9825861e-01   6.2176285e-01
   6.9825861e-01   6.2197519e-01
   6.9825861e-01   6.2215956e-01
   6.9825861e-01   6.2231960e-01
   6.9825861e-01   6.2245852e-01
   6.9825861e-01   6.2257909e-01
   6.9825861e-01   6.2268372e-01
   6.9825861e-01   6.2277450e-01
   6.9825861e-01   6.2285327e-01
   6.9825861e-01   6.2292160e-01
   6.9825861e-01   6.2298088e-01
   6.9825861e-01   6.2303230e-01
   3.5747031e-01   6.2307691e-01
   3.5747031e-01   6.2311559e-01
   3.5747031e-01   6.2314914e-01
   3.5747031e-01   6.2168919e-01
   3.5747031e-01   6.1793185e-01
   3.5747031e-01   6.1267944e-01
   3.5747031e-01   6.0651222e-01
   3.5747031e-01   5.9985402e-01
   3.5747031e-01   5.9301440e-01
   3.5747031e-01   5.8621721e-01
   3.5747031e-01   5.7962092e-01
   3.5747031e-01   5.7333373e-01
   3.5747031e-01   5.6742529e-01
   3.5747031e-01   5.6193576e-01
   3.5747031e-01   5.5688317e-01
   3.5747031e-01   5.5226914e-01
   3.5747031e-01   5.4808356e-01
   3.5747031e-01   5.4430812e-01
   3.5747031e-01   5.4091922e-01
   3.5747031e-01   5.3789009e-01
   3.5747031e-01   5.3519242e-01
   3.5747031e-01   5.3279761e-01
   3.5747031e-01   5.3067755e-01
   3.5747031e-01   5.2880531e-01
   3.5747031e-01   5.2715545e-01
   3.5747031e-01   5.2570428e-01
   3.5747031e-01   5.2443000e-01
   3.5747031e-01   5.2331267e-01
   3.5747031e-01   5.2233421e-01
   3.5747031e-01   5.2147835e-01
   3.5747031e-01   5.2073047e-01
   3.5747031e-01   5.2007754e-01
   3.5747031e-01   5.1950793e-01
   3.5747031e-01   5.1901138e-01
   3.5747031e-01   5.1857877e-01
   3.5747031e-01   5.1820208e-01
   3.5747031e-01   5.1787423e-01
   3.5747031e-01   5.1758903e-01
   3.5747031e-01   5.1734101e-01
   3.5747031e-01   5.1712541e-01
   3.5747031e-01   5.1693804e-01
   3.5747031e-01   5.1677525e-01
   3.5747031e-01   5.1663385e-01
   3.5747031e-01   5.1651105e-01
   3.5747031e-01   5.1640443e-01
   3.5747031e-01   5.1631188e-01
   3.5747031e-01   5.1623154e-01
   3.5747031e-01   5.1616182e-01
   3.5747031e-01   5.1610132e-01
   3.5747031e-01   5.1604882e-01
   4.8626494e-01   5.1600328e-01
   4.8626494e-01   5.1596377e-01
   4.8626494e-01   5.1592950e-01
   4.8626494e-01   5.1692579e-01
   4.8626494e-01   5.1947911e-01
   4.8626494e-01   5.2298867e-01
   4.8626494e-01   5.2701932e-01
   4.8626494e-01   5.3126443e-01
   4.8626494e-01   5.3551436e-01
   4.8626494e-01   5.3963101e-01
   4.8626494e-01   5.4352811e-01
   4.8626494e-01   5.4715631e-01
   4.8626494e-01   5.5049197e-01
   4.8626494e-01   5.5352907e-01
   4.8626494e-01   5.5627326e-01
   4.8626494e-01   5.5873761e-01
   4.8626494e-01   5.6093965e-01
   4.8626494e-01   5.6289921e-01
   4.8626494e-01   5.6463703e-01
   4.8626494e-01   5.6617378e-01
   4.8626494e-01   5.6752939e-01
   4.8626494e-01   5.6872274e-01
   4.8626494e-01   5.6977136e-01
   4.8626494e-01   5.7069137e-01
   4.8626494e-01   5.7149747e-01
   4.8626494e-01   5.7220292e-01
   4.8626494e-01   5.7281966e-01
   4.8626494e-01   5.7335835e-01
   4.8626494e-01   5.7382849e-01
   4.8626494e-01   5.7423852e-01
   4.8626494e-01   5.7459589e-01
   4.8626494e-01   5.7490720e-01
   4.8626494e-01   5.7517824e-01
   4.8626494e-01   5.7541412e-01
   4.8626494e-01   5.7561932e-01
   4.8626494e-01   5.7579777e-01
   4.8626494e-01   5.7595290e-01
   4.8626494e-01   5.7608773e-01
   4.8626494e-01   5.7620487e-01
   4.8626494e-01   5.7630663e-01
   4.8626494e-01   5.7639501e-01
   4.8626494e-01   5.7647175e-01
   4.8626494e-01   5.7653838e-01
   4.8626494e-01   5.7659621e-01
   4.8626494e-01   5.7664641e-01
   4.8626494e-01   5.7668997e-01
   4.8626494e-01   5.7672778e-01
   4.8626494e-01   5.7676058e-01
   4.8626494e-01   5.7678903e-01
   4.8626494e-01   5.7681372e-01
   3.1095578e-01   5.7683513e-01
   3.1095578e-01   5.7685370e-01
   3.1095578e-01   5.7686981e-01
   3.1095578e-01   5.7554987e-01
   3.1095578e-01   5.7217804e-01
   3.1095578e-01   5.6748114e-01
   3.1095578e-01   5.6198514e-01
   3.1095578e-01   5.5607259e-01
   3.1095578e-01   5.5002052e-01
   3.1095578e-01   5.4402692e-01
   3.1095578e-01   5.3822987e-01
   3.1095578e-01   5.3272185e-01
   3.1095578e-01   5.2756075e-01
   3.1095578e-01   5.2277848e-01
   3.1095578e-01   5.1838764e-01
   3.1095578e-01   5.1438684e-01
   3.1095578e-01   5.1076479e-01
   3.1095578e-01   5.0750352e-01
   3.1095578e-01   5.0458083e-01
   3.1095578e-01   5.0197212e-01
   3.1095578e-01   4.9965180e-01
   3.1095578e-01   4.9759426e-01
   3.1095578e-01   4.9577457e-01
   3.1095578e-01   4.9416897e-01
   3.1095578e-01   4.9275516e-01
   3.1095578e-01   4.9151244e-01
   3.1095578e-01   4.9042183e-01
   3.1095578e-01   4.8946604e-01
   3.1095578e-01   4.8862943e-01
   3.1095578e-01   4.8789792e-01
   3.1095578e-01   4.8725892e-01
   3.1095578e-01   4.8670121e-01
   3.1095578e-01   4.8621480e-01
   3.1095578e-01   4.8579087e-01
   3.1095578e-01   4.8542160e-01
   3.1095578e-01   4.8510012e-01
   3.1095578e-01   4.8482037e-01
   3.1095578e-01   4.8457704e-01
   3.1095578e-01   4.8436546e-01
   3.1095578e-01   4.8418154e-01
   3.1095578e-01   4.8402173e-01
   3.1095578e-01   4.8388289e-01
   3.1095578e-01   4.8376229e-01
   3.1095578e-01   4.8365758e-01
   3.1095578e-01   4.8356666e-01
   3.1095578e-01   4.8348774e-01
   3.1095578e-01   4.8341924e-01
   3.1095578e-01   4.8335979e-01
   3.1095578e-01   4.8330821e-01
   3.1095578e-01   4.8326345e-01
   4.1209218e-01   4.8322462e-01
   4.1209218e-01   4.8319094e-01
   4.1209218e-01   4.8316172e-01
   4.1209218e-01   4.8419309e-01
   4.1209218e-01   4.8682768e-01
   4.1209218e-01   4.9044739e-01
   4.1209218e-01   4.9460456e-01
   4.1209218e-01   4.9898359e-01
   4.1209218e-01   5.0336857e-01
   4.1209218e-01   5.0761708e-01
   4.1209218e-01   5.1164007e-01
   4.1209218e-01   5.1538640e-01
   4.1209218e-01   5.1883151e-01
   4.1209218e-01   5.2196897e-01
   4.1209218e-01   5.2480443e-01
   4.1209218e-01   5.2735124e-01
   4.1209218e-01   5.2962735e-01
   4.1209218e-01   5.3165315e-01
   4.1209218e-01   5.3344996e-01
   4.1209218e-01   5.3503907e-01
   4.1209218e-01   5.3644103e-01
   4.1209218e-01   5.3767529e-01
   4.1209218e-01   5.3875996e-01
   4.1209218e-01   5.3971168e-01
   4.1209218e-01   5.4054560e-01
   4.1209218e-01   5.4127546e-01
   4.1209218e-01   5.4191356e-01
   4.1209218e-01   5.4247094e-01
   4.1209218e-01   5.4295741e-01
   4.1209218e-01   5.4338169e-01
   4.1209218e-01   5.4375150e-01
   4.1209218e-01   5.4407365e-01
   4.1209218e-01   5.4435413e-01
   4.1209218e-01   5.4459824e-01
   4.1209218e-01   5.4481060e-01
   4.1209218e-01   5.4499528e-01
   4.1209218e-01   5.4515582e-01
   4.1209218e-01   5.4529536e-01
   4.1209218e-01   5.4541659e-01
   4.1209218e-01   5.4552191e-01
   4.1209218e-01   5.4561338e-01
   4.1209218e-01   5.4569280e-01
   4.1209218e-01   5.4576176e-01
   4.1209218e-01   5.4582161e-01
   4.1209218e-01   5.4587357e-01
   4.1209218e-01   5.4591866e-01
   4.1209218e-01   5.4595778e-01
   4.1209218e-01   5.4599172e-01
   4.1209218e-01   5.4602118e-01
   4.1209218e-01   5.4604672e-01
  -4.4615403e-01   5.4606889e-01
  -4.4615403e-01   5.4608811e-01
  -4.4615403e-01   5.4610478e-01
  -4.4615403e-01   5.3447499e-01
  -4.4615403e-01   5.0376638e-01
  -4.4615403e-01   4.5809313e-01
  -4.4615403e-01   4.0003931e-01
  -4.4615403e-01   3.3158990e-01
  -4.4615403e-01   2.5454861e-01
  -4.4615403e-01   1.7070594e-01
  -4.4615403e-01   8.1877113e-02
  -4.4615403e-01  -1.0127222e-02
  -4.4615403e-01  -1.0355947e-01
  -4.4615403e-01  -1.9679894e-01
  -4.4615403e-01  -2.8840651e-01
  -4.4615403e-01  -3.7716267e-01
  -4.4615403e-01  -4.6208682e-01
  -4.4615403e-01  -5.4243900e-01
  -4.4615403e-01  -6.1770744e-01
  -4.4615403e-01  -6.8758606e-01
  -4.4615403e-01  -7.5194596e-01
  -4.4615403e-01  -8.1080440e-01
  -4.4615403e-01  -8.6429401e-01
  -4.4615403e-01  -9.1263408e-01
  -4.4615403e-01  -9.5610511e-01
  -4.4615403e-01  -9.9502717e-01
  -4.4615403e-01  -1.0297421e+00
  -4.4615403e-01  -1.0605993e+00
  -4.4615403e-01  -1.0879454e+00
  -4.4615403e-01  -1.1121157e+00
  -4.4615403e-01  -1.1334293e+00
  -4.4615403e-01  -1.1521854e+00
  -4.4615403e-01  -1.1686611e+00
  -4.4615403e-01  -1.1831106e+00
  -4.4615403e-01  -1.1957655e+00
  -4.4615403e-01  -1.2068350e+00
  -4.4615403e-01  -1.2165073e+00
  -4.4615403e-01  -1.2249507e+00
  -4.4615403e-01  -1.2323153e+00
  -4.4615403e-01  -1.2387341e+00
  -4.4615403e-01  -1.2443250e+00
  -4.4615403e-01  -1.2491920e+00
  -4.4615403e-01  -1.2534267e+00
  -4.4615403e-01  -1.2571097e+00
  -4.4615403e-01  -1.2603116e+00
  -4.4615403e-01  -1.2630943e+00
  -4.4615403e-01  -1.2655120e+00
  -4.4615403e-01  -1.2676120e+00
  -4.4615403e-01  -1.2694356e+00
  -4.4615403e-01  -1.2710188e+00
  -8.0573644e-01  -1.2723932e+00
  -8.0573644e-01  -1.2735860e+00
  -8.0573644e-01  -1.2746212e+00
  -8.0573644e-01  -1.2819699e+00
  -8.0573644e-01  -1.2991124e+00
  -8.0573644e-01  -1.3225411e+00
  -8.0573644e-01  -1.3497157e+00
  -8.0573644e-01  -1.3787918e+00
  -8.0573644e-01  -1.4084382e+00
  -8.0573644e-01  -1.4377088e+00
  -8.0573644e-01  -1.4659486e+00
  -8.0573644e-01  -1.4927237e+00
  -8.0573644e-01  -1.5177664e+00
  -8.0573644e-01  -1.5409341e+00
  -8.0573644e-01  -1.5621759e+00
  -8.0573644e-01  -1.5815072e+00
  -8.0573644e-01  -1.5989897e+00
  -8.0573644e-01  -1.6147159e+00
  -8.0573644e-01  -1.6287977e+00
  -8.0573644e-01  -1.6413576e+00
  -8.0573644e-01  -1.6525217e+00
  -8.0573644e-01  -1.6624159e+00
  -8.0573644e-01  -1.6711620e+00
  -8.0573644e-01  -1.6788757e+00
  -8.0573644e-01  -1.6856655e+00
  -8.0573644e-01  -1.6916315e+00
  -8.0573644e-01  -1.6968657e+00
  -8.0573644e-01  -1.7014517e+00
  -8.0573644e-01  -1.7054650e+00
  -8.0573644e-01  -1.7089734e+00
  -8.0573644e-01  -1.7120375e+00
  -8.0573644e-01  -1.7147115e+00
  -8.0573644e-01  -1.7170432e+00
  -8.0573644e-01  -1.7190753e+00
  -8.0573644e-01  -1.7208451e+00
  -8.0573644e-01  -1.7223857e+00
  -8.0573644e-01  -1.7237263e+00
  -8.0573644e-01  -1.7248923e+00
  -8.0573644e-01  -1.7259060e+00
  -8.0573644e-01  -1.7267872e+00
  -8.0573644e-01  -1.7275528e+00
  -8.0573644e-01  -1.7282180e+00
  -8.0573644e-01  -1.7287957e+00
  -8.0573644e-01  -1.7292973e+00
  -8.0573644e-01  -1.7297328e+00
  -8.0573644e-01  -1.7301109e+00
  -8.0573644e-01  -1.7304390e+00
  -8.0573644e-01  -1.7307237e+00
  -8.0573644e-01  -1.7309708e+00
  -8.0573644e-01  -1.7311852e+00
   3.8965725e-01  -1.7313712e+00
   3.8965725e-01  -1.7315325e+00
   3.8965725e-01  -1.7316724e+00
   3.8965725e-01  -1.6569864e+00
   3.8965725e-01  -1.4773271e+00
   3.8965725e-01  -1.2494321e+00
   3.8965725e-01  -1.0120073e+00
   3.8965725e-01  -7.8731940e-01
   3.8965725e-01  -5.8589534e-01
   3.8965725e-01  -4.1103632e-01
   3.8965725e-01  -2.6211850e-01
   3.8965725e-01  -1.3668466e-01
   3.8965725e-01  -3.1641859e-02
   3.8965725e-01   5.6115248e-02
   3.8965725e-01   1.2941827e-01
   3.8965725e-01   1.9072286e-01
   3.8965725e-01   2.4209932e-01
   3.8965725e-01   2.8526522e-01
   3.8965725e-01   3.2163301e-01
   3.8965725e-01   3.5235946e-01
   3.8965725e-01   3.7839089e-01
   3.8965725e-01   4.0050221e-01
   3.8965725e-01   4.1932932e-01
   3.8965725e-01   4.3539575e-01
   3.8965725e-01   4.4913397e-01
   3.8965725e-01   4.6090269e-01
   3.8965725e-01   4.7100056e-01
   3.8965725e-01   4.7967718e-01
   3.8965725e-01   4.8714201e-01
   3.8965725e-01   4.9357138e-01
   3.8965725e-01   4.9911425e-01
   3.8965725e-01   5.0389687e-01
   3.8965725e-01   5.0802649e-01
   3.8965725e-01   5.1159452e-01
   3.8965725e-01   5.1467897e-01
   3.8965725e-01   5.1734662e-01
   3.8965725e-01   5.1965470e-01
   3.8965725e-01   5.2165235e-01
   3.8965725e-01   5.2338181e-01
   3.8965725e-01   5.2487946e-01
   3.8965725e-01   5.2617662e-01
   3.8965725e-01   5.2730033e-01
   3.8965725e-01   5.2827392e-01
   3.8965725e-01   5.2911754e-01
   3.8965725e-01   5.2984863e-01
   3.8965725e-01   5.3048225e-01
   3.8965725e-01   5.3103142e-01
   3.8965725e-01   5.3150742e-01
   3.8965725e-01   5.3192004e-01
   3.8965725e-01   5.3227771e-01
   9.0044410e-01   5.3258776e-01
   9.0044410e-01   5.3285655e-01
   9.0044410e-01   5.3308956e-01
   9.0044410e-01   5.3516455e-01
   9.0044410e-01   5.4002924e-01
   9.0044410e-01   5.4656293e-01
   9.0044410e-01   5.5395700e-01
   9.0044410e-01   5.6165023e-01
   9.0044410e-01   5.6926841e-01
   9.0044410e-01   5.7657389e-01
   9.0044410e-01   5.8342599e-01
   9.0044410e-01   5.8975118e-01
   9.0044410e-01   5.9552129e-01
   9.0044410e-01   6.0073793e-01
   9.0044410e-01   6.0542140e-01
   9.0044410e-01   6.0960317e-01
   9.0044410e-01   6.1332062e-01
   9.0044410e-01   6.1661356e-01
   9.0044410e-01   6.1952196e-01
   9.0044410e-01   6.2208454e-01
   9.0044410e-01   6.2433784e-01
   9.0044410e-01   6.2631581e-01
   9.0044410e-01   6.2804957e-01
   9.0044410e-01   6.2956736e-01
   9.0044410e-01   6.3089465e-01
   9.0044410e-01   6.3205427e-01
   9.0044410e-01   6.3306656e-01
   9.0044410e-01   6.3394960e-01
   9.0044410e-01   6.3471941e-01
   9.0044410e-01   6.3539011e-01
   9.0044410e-01   6.3597418e-01
   9.0044410e-01   6.3648258e-01
   9.0044410e-01   6.3692493e-01
   9.0044410e-01   6.3730968e-01
   9.0044410e-01   6.3764422e-01
   9.0044410e-01   6.3793501e-01
   9.0044410e-01   6.3818771e-01
   9.0044410e-01   6.3840726e-01
   9.0044410e-01   6.3859796e-01
   9.0044410e-01   6.3876358e-01
   9.0044410e-01   6.3890739e-01
   9.0044410e-01   6.3903224e-01
   9.0044410e-01   6.3914061e-01
   9.0044410e-01   6.3923467e-01
   9.0044410e-01   6.3931630e-01
   9.0044410e-01   6.3938713e-01
   9.0044410e-01   6.3944859e-01
   9.0044410e-01   6.3950191e-01
   9.0044410e-01   6.3954817e-01
   9.0044410e-01   6.3958830e-01
  -1.2251128e-01   6.3962310e-01
  -1.2251128e-01   6.3965329e-01
  -1.2251128e-01   6.3967947e-01
  -1.2251128e-01   6.3217352e-01
  -1.2251128e-01   6.1249401e-01
  -1.2251128e-01   5.8362563e-01
  -1.2251128e-01   5.4756456e-01
  -1.2251128e-01   5.0585670e-01
  -1.2251128e-01   4.5983954e-01
  -1.2251128e-01   4.1074103e-01
  -1.2251128e-01   3.5970725e-01
  -1.2251128e-01   3.0779679e-01
  -1.2251128e-01   2.5596263e-01
  -1.2251128e-01   2.0503366e-01
  -1.2251128e-01   1.5570174e-01
  -1.2251128e-01   1.0851677e-01
  -1.2251128e-01   6.3889644e-02
  -1.2251128e-01   2.2101788e-02
  -1.2251128e-01  -1.6680693e-02
  -1.2251128e-01  -5.2390184e-02
  -1.2251128e-01  -8.5039809e-02
  -1.2251128e-01  -1.1470610e-01
  -1.2251128e-01  -1.4151302e-01
  -1.2251128e-01  -1.6561786e-01
  -1.2251128e-01  -1.8719932e-01
  -1.2251128e-01  -2.0644777e-01
  -1.2251128e-01  -2.2355749e-01
  -1.2251128e-01  -2.3872083e-01
  -1.2251128e-01  -2.5212393e-01
  -1.2251128e-01  -2.6394369e-01
  -1.2251128e-01  -2.7434589e-01
  -1.2251128e-01  -2.8348409e-01
  -1.2251128e-01  -2.9149917e-01
  -1.2251128e-01  -2.9851938e-01
  -1.2251128e-01  -3.0466065e-01
  -1.2251128e-01  -3.1002724e-01
  -1.2251128e-01  -3.1471241e-01
  -1.2251128e-01  -3.1879925e-01
  -1.2251128e-01  -3.2236156e-01
  -1.2251128e-01  -3.2546464e-01
  -1.2251128e-01  -3.2816615e-01
  -1.2251128e-01  -3.3051688e-01
  -1.2251128e-01  -3.3256147e-01
  -1.2251128e-01  -3.3433910e-01
  -1.2251128e-01  -3.3588409e-01
  -1.2251128e-01  -3.3722648e-01
  -1.2251128e-01  -3.3839253e-01
  -1.2251128e-01  -3.3940516e-01
  -1.2251128e-01  -3.4028439e-01
  -1.2251128e-01  -3.4104763e-01
   5.3103358e-01  -3.4171010e-01
   5.3103358e-01  -3.4228500e-01
   5.3103358e-01  -3.4278386e-01
   5.3103358e-01  -3.1835320e-01
   5.3103358e-01  -2.5800253e-01
   5.3103358e-01  -1.7916666e-01
   5.3103358e-01  -9.4107947e-02
   5.3103358e-01  -1.0476393e-02
   5.3103358e-01   6.7506111e-02
   5.3103358e-01   1.3789694e-01
   5.3103358e-01   2.0014416e-01
   5.3103358e-01   2.5447554e-01
   5.3103358e-01   3.0150983e-01
   5.3103358e-01   3.4202422e-01
   5.3103358e-01   3.7682358e-01
   5.3103358e-01   4.0667240e-01
   5.3103358e-01   4.3226363e-01
   5.3103358e-01   4.5420846e-01
   5.3103358e-01   4.7303704e-01
   5.3103358e-01   4.8920459e-01
   5.3103358e-01   5.0309968e-01
   5.3103358e-01   5.1505293e-01
   5.3103358e-01   5.2534522e-01
   5.3103358e-01   5.3421521e-01
   5.3103358e-01   5.4186571e-01
   5.3103358e-01   5.4846936e-01
   5.3103358e-01   5.5417325e-01
   5.3103358e-01   5.5910293e-01
   5.3103358e-01   5.6336575e-01
   5.3103358e-01   5.6705360e-01
   5.3103358e-01   5.7024531e-01
   5.3103358e-01   5.7300857e-01
   5.3103358e-01   5.7540159e-01
   5.3103358e-01   5.7747449e-01
   5.3103358e-01   5.7927045e-01
   5.3103358e-01   5.8082676e-01
   5.3103358e-01   5.8217556e-01
   5.3103358e-01   5.8334468e-01
   5.3103358e-01   5.8435813e-01
   5.3103358e-01   5.8523672e-01
   5.3103358e-01   5.8599842e-01
   5.3103358e-01   5.8665883e-01
   5.3103358e-01   5.8723143e-01
   5.3103358e-01   5.8772791e-01
   5.3103358e-01   5.8815839e-01
   5.3103358e-01   5.8853166e-01
   5.3103358e-01   5.8885532e-01
   5.3103358e-01   5.8913595e-01
   5.3103358e-01   5.8937929e-01
   5.3103358e-01   5.8959028e-01
  -6.2625479e-01   5.8977323e-01
  -6.2625479e-01   5.8993186e-01
  -6.2625479e-01   5.9006940e-01
  -6.2625479e-01   5.7817559e-01
  -6.2625479e-01   5.4639387e-01
  -6.2625479e-01   4.9857092e-01
  -6.2625479e-01   4.3694788e-01
  -6.2625479e-01   3.6320158e-01
  -6.2625479e-01   2.7891925e-01
  -6.2625479e-01   1.8579622e-01
  -6.2625479e-01   8.5682911e-02
  -6.2625479e-01  -1.9452618e-02
  -6.2625479e-01  -1.2760457e-01
  -6.2625479e-01  -2.3682271e-01
  -6.2625479e-01  -3.4529929e-01
  -6.2625479e-01  -4.5143760e-01
  -6.2625479e-01  -5.5389679e-01
  -6.2625479e-01  -6.5161256e-01
  -6.2625479e-01  -7.4379680e-01
  -6.2625479e-01  -8.2992080e-01
  -6.2625479e-01  -9.0968733e-01
  -6.2625479e-01  -9.8299655e-01
  -6.2625479e-01  -1.0499096e+00
  -6.2625479e-01  -1.1106131e+00
  -6.2625479e-01  -1.1653866e+00
  -6.2625479e-01  -1.2145736e+00
  -6.2625479e-01  -1.2585576e+00
  -6.2625479e-01  -1.2977428e+00
  -6.2625479e-01  -1.3325380e+00
  -6.2625479e-01  -1.3633457e+00
  -6.2625479e-01  -1.3905534e+00
  -6.2625479e-01  -1.4145278e+00
  -6.2625479e-01  -1.4356116e+00
  -6.2625479e-01  -1.4541210e+00
  -6.2625479e-01  -1.4703457e+00
  -6.2625479e-01  -1.4845485e+00
  -6.2625479e-01  -1.4969669e+00
  -6.2625479e-01  -1.5078137e+00
  -6.2625479e-01  -1.5172792e+00
  -6.2625479e-01  -1.5255328e+00
  -6.2625479e-01  -1.5327245e+00
  -6.2625479e-01  -1.5389871e+00
  -6.2625479e-01  -1.5444377e+00
  -6.2625479e-01  -1.5491794e+00
  -6.2625479e-01  -1.5533025e+00
  -6.2625479e-01  -1.5568865e+00
  -6.2625479e-01  -1.5600008e+00
  -6.2625479e-01  -1.5627063e+00
  -6.2625479e-01  -1.5650559e+00
  -6.2625479e-01  -1.5670962e+00
  -1.0882760e-01  -1.5688674e+00
  -1.0882760e-01  -1.5704048e+00
  -1.0882760e-01  -1.5717390e+00
  -1.0882760e-01  -1.5455005e+00
  -1.0882760e-01  -1.4786389e+00
  -1.0882760e-01  -1.3888900e+00
  -1.0882760e-01  -1.2889774e+00
  -1.0882760e-01  -1.1873590e+00
  -1.0882760e-01  -1.0892559e+00
  -1.0882760e-01  -9.9760793e-01
  -1.0882760e-01  -9.1383432e-01
  -1.0882760e-01  -8.3838871e-01
  -1.0882760e-01  -7.7114287e-01
  -1.0882760e-01  -7.1164126e-01
  -1.0882760e-01  -6.5926413e-01
  -1.0882760e-01  -6.1332869e-01
  -1.0882760e-01  -5.7314935e-01
  -1.0882760e-01  -5.3807165e-01
  -1.0882760e-01  -5.0748977e-01
  -1.0882760e-01  -4.8085386e-01
  -1.0882760e-01  -4.5767144e-01
  -1.0882760e-01  -4.3750535e-01
  -1.0882760e-01  -4.1996995e-01
  -1.0882760e-01  -4.0472655e-01
  -1.0882760e-01  -3.9147858e-01
  -1.0882760e-01  -3.7996692e-01
  -1.0882760e-01  -3.6996551e-01
  -1.0882760e-01  -3.6127732e-01
  -1.0882760e-01  -3.5373080e-01
  -1.0882760e-01  -3.4717661e-01
  -1.0882760e-01  -3.4148483e-01
  -1.0882760e-01  -3.3654245e-01
  -1.0882760e-01  -3.3225118e-01
  -1.0882760e-01  -3.2852558e-01
  -1.0882760e-01  -3.2529136e-01
  -1.0882760e-01  -3.2248395e-01
  -1.0882760e-01  -3.2004721e-01
  -1.0882760e-01  -3.1793238e-01
  -1.0882760e-01  -3.1609706e-01
  -1.0882760e-01  -3.1450442e-01
  -1.0882760e-01  -3.1312249e-01
  -1.0882760e-01  -3.1192345e-01
  -1.0882760e-01  -3.1088317e-01
  -1.0882760e-01  -3.0998068e-01
  -1.0882760e-01  -3.0919778e-01
  -1.0882760e-01  -3.0851866e-01
  -1.0882760e-01  -3.0792958e-01
  -1.0882760e-01  -3.0741864e-01
  -1.0882760e-01  -3.0697549e-01
  -1.0882760e-01  -3.0659115e-01
   4.1872966e-01  -3.0625783e-01
   4.1872966e-01  -3.0596876e-01
   4.1872966e-01  -3.0571809e-01
   4.1872966e-01  -2.8391874e-01
   4.1872966e-01  -2.3086390e-01
   4.1872966e-01  -1.6140924e-01
   4.1872966e-01  -8.6042396e-02
   4.1872966e-01  -1.1402522e-02
   4.1872966e-01   5.8745114e-02
   4.1872966e-01   1.2257268e-01
   4.1872966e-01   1.7946029e-01
   4.1872966e-01   2.2948691e-01
   4.1872966e-01   2.7309997e-01
   4.1872966e-01   3.1091252e-01
   4.1872966e-01   3.4358524e-01
   4.1872966e-01   3.7176203e-01
   4.1872966e-01   3.9603802e-01
   4.1872966e-01   4.1694646e-01
   4.1872966e-01   4.3495620e-01
   4.1872966e-01   4.5047462e-01
   4.1872966e-01   4.6385311e-01
   4.1872966e-01   4.7539344e-01
   4.1872966e-01   4.8535420e-01
   4.1872966e-01   4.9395670e-01
   4.1872966e-01   5.0139037e-01
   4.1872966e-01   5.0781736e-01
   4.1872966e-01   5.1337663e-01
   4.1872966e-01   5.1818737e-01
   4.1872966e-01   5.2235189e-01
   4.1872966e-01   5.2595817e-01
   4.1872966e-01   5.2908189e-01
   4.1872966e-01   5.3178826e-01
   4.1872966e-01   5.3413350e-01
   4.1872966e-01   5.3616614e-01
   4.1872966e-01   5.3792808e-01
   4.1872966e-01   5.3945553e-01
   4.1872966e-01   5.4077981e-01
   4.1872966e-01   5.4192804e-01
   4.1872966e-01   5.4292365e-01
   4.1872966e-01   5.4378698e-01
   4.1872966e-01   5.4453562e-01
   4.1872966e-01   5.4518481e-01
   4.1872966e-01   5.4574778e-01
   4.1872966e-01   5.4623597e-01
   4.1872966e-01   5.4665931e-01
   4.1872966e-01   5.4702643e-01
   4.1872966e-01   5.4734478e-01
   4.1872966e-01   5.4762084e-01
   4.1872966e-01   5.4786022e-01
   4.1872966e-01   5.4806780e-01
  -4.4794985e-01   5.4824779e-01
  -4.4794985e-01   5.4840386e-01
  -4.4794985e-01   5.4853919e-01
  -4.4794985e-01   5.3701344e-01
  -4.4794985e-01   5.0639796e-01
  -4.4794985e-01   4.6080058e-01
  -4.4794985e-01   4.0279431e-01
  -4.4794985e-01   3.3435306e-01
  -4.4794985e-01   2.5727167e-01
  -4.4794985e-01   1.7333517e-01
  -4.4794985e-01   8.4357103e-02
  -4.4794985e-01  -7.8498678e-03
  -4.4794985e-01  -1.0153300e-01
  -4.4794985e-01  -1.9506411e-01
  -4.4794985e-01  -2.8699514e-01
  -4.4794985e-01  -3.7609709e-01
  -4.4794985e-01  -4.6138001e-01
  -4.4794985e-01  -5.4209531e-01
  -4.4794985e-01  -6.1772370e-01
  -4.4794985e-01  -6.8795285e-01
  -4.4794985e-01  -7.5264896e-01
  -4.4794985e-01  -8.1182569e-01
  -4.4794985e-01  -8.6561323e-01
  -4.4794985e-01  -9.1422946e-01
  -4.4794985e-01  -9.5795432e-01
  -4.4794985e-01  -9.9710794e-01
  -4.4794985e-01  -1.0320327e+00
  -4.4794985e-01  -1.0630792e+00
  -4.4794985e-01  -1.0905949e+00
  -4.4794985e-01  -1.1149168e+00
  -4.4794985e-01  -1.1363653e+00
  -4.4794985e-01  -1.1552410e+00
  -4.4794985e-01  -1.1718225e+00
  -4.4794985e-01  -1.1863654e+00
  -4.4794985e-01  -1.1991024e+00
  -4.4794985e-01  -1.2102441e+00
  -4.4794985e-01  -1.2199797e+00
  -4.4794985e-01  -1.2284785e+00
  -4.4794985e-01  -1.2358916e+00
  -4.4794985e-01  -1.2423528e+00
  -4.4794985e-01  -1.2479806e+00
  -4.4794985e-01  -1.2528799e+00
  -4.4794985e-01  -1.2571428e+00
  -4.4794985e-01  -1.2608503e+00
  -4.4794985e-01  -1.2640735e+00
  -4.4794985e-01  -1.2668748e+00
  -4.4794985e-01  -1.2693086e+00
  -4.4794985e-01  -1.2714226e+00
  -4.4794985e-01  -1.2732583e+00
  -4.4794985e-01  -1.2748522e+00
   3.1019601e-01  -1.2762358e+00
   3.1019601e-01  -1.2774366e+00
   3.1019601e-01  -1.2784787e+00
   3.1019601e-01  -1.2269016e+00
   3.1019601e-01  -1.1005260e+00
   3.1019601e-01  -9.3769627e-01
   3.1019601e-01  -7.6500998e-01
   3.1019601e-01  -5.9842296e-01
   3.1019601e-01  -4.4612167e-01
   3.1019601e-01  -3.1131554e-01
   3.1019601e-01  -1.9434236e-01
   3.1019601e-01  -9.4059822e-02
   3.1019601e-01  -8.6867287e-03
   3.1019601e-01   6.3726101e-02
   3.1019601e-01   1.2505401e-01
   3.1019601e-01   1.7698982e-01
   3.1019601e-01   2.2100821e-01
   3.1019601e-01   2.5836735e-01
   3.1019601e-01   2.9012773e-01
   3.1019601e-01   3.1717723e-01
   3.1019601e-01   3.4025675e-01
   3.1019601e-01   3.5998402e-01
   3.1019601e-01   3.7687436e-01
   3.1019601e-01   3.9135833e-01
   3.1019601e-01   4.0379649e-01
   3.1019601e-01   4.1449157e-01
   3.1019601e-01   4.2369843e-01
   3.1019601e-01   4.3163224e-01
   3.1019601e-01   4.3847518e-01
   3.1019601e-01   4.4438188e-01
   3.1019601e-01   4.4948392e-01
   3.1019601e-01   4.5389353e-01
   3.1019601e-01   4.5770662e-01
   3.1019601e-01   4.6100534e-01
   3.1019601e-01   4.6386014e-01
   3.1019601e-01   4.6633155e-01
   3.1019601e-01   4.6847163e-01
   3.1019601e-01   4.7032521e-01
   3.1019601e-01   4.7193097e-01
   3.1019601e-01   4.7332225e-01
   3.1019601e-01   4.7452787e-01
   3.1019601e-01   4.7557270e-01
   3.1019601e-01   4.7647828e-01
   3.1019601e-01   4.7726323e-01
   3.1019601e-01   4.7794364e-01
   3.1019601e-01   4.7853348e-01
   3.1019601e-01   4.7904481e-01
   3.1019601e-01   4.7948810e-01
   3.1019601e-01   4.7987241e-01
   3.1019601e-01   4.8020559e-01
  -7.6200464e-01   4.8049445e-01
  -7.6200464e-01   4.8074489e-01
  -7.6200464e-01   4.8096201e-01
  -7.6200464e-01   4.6751539e-01
  -7.6200464e-01   4.3168103e-01
  -7.6200464e-01   3.7821376e-01
  -7.6200464e-01   3.1006659e-01
  -7.6200464e-01   2.2949917e-01
  -7.6200464e-01   1.3857616e-01
  -7.6200464e-01   3.9368550e-02
  -7.6200464e-01  -6.6000709e-02
  -7.6200464e-01  -1.7539264e-01
  -7.6200464e-01  -2.8672446e-01
  -7.6200464e-01  -3.9804937e-01
  -7.6200464e-01  -5.0762594e-01
  -7.6200464e-01  -6.1396776e-01
  -7.6200464e-01  -7.1587020e-01
  -7.6200464e-01  -8.1241560e-01
  -7.6200464e-01  -9.0296073e-01
  -7.6200464e-01  -9.8711136e-01
  -7.6200464e-01  -1.0646891e+00
  -7.6200464e-01  -1.1356946e+00
  -7.6200464e-01  -1.2002706e+00
  -7.6200464e-01  -1.2586675e+00
  -7.6200464e-01  -1.3112123e+00
  -7.6200464e-01  -1.3582820e+00
  -7.6200464e-01  -1.4002823e+00
  -7.6200464e-01  -1.4376296e+00
  -7.6200464e-01  -1.4707383e+00
  -7.6200464e-01  -1.5000106e+00
  -7.6200464e-01  -1.5258298e+00
  -7.6200464e-01  -1.5485560e+00
  -7.6200464e-01  -1.5685228e+00
  -7.6200464e-01  -1.5860372e+00
  -7.6200464e-01  -1.6013785e+00
  -7.6200464e-01  -1.6147996e+00
  -7.6200464e-01  -1.6265280e+00
  -7.6200464e-01  -1.6367673e+00
  -7.6200464e-01  -1.6456989e+00
  -7.6200464e-01  -1.6534842e+00
  -7.6200464e-01  -1.6602657e+00
  -7.6200464e-01  -1.6661696e+00
  -7.6200464e-01  -1.6713067e+00
  -7.6200464e-01  -1.6757747e+00
  -7.6200464e-01  -1.6796592e+00
  -7.6200464e-01  -1.6830352e+00
  -7.6200464e-01  -1.6859685e+00
  -7.6200464e-01  -1.6885164e+00
  -7.6200464e-01  -1.6907289e+00
  -7.6200464e-01  -1.6926500e+00
   9.1948792e-01  -1.6943176e+00
   9.1948792e-01  -1.6957649e+00
   9.1948792e-01  -1.6970209e+00
   9.1948792e-01  -1.6140061e+00
   9.1948792e-01  -1.4141304e+00
   9.1948792e-01  -1.1630968e+00
   9.1948792e-01  -9.0513140e-01
   9.1948792e-01  -6.6478143e-01
   9.1948792e-01  -4.5280527e-01
   9.1948792e-01  -2.7176341e-01
   9.1948792e-01  -1.1999946e-01
   9.1948792e-01   5.9271828e-03
   9.1948792e-01   1.0991435e-01
   9.1948792e-01   1.9567270e-01
   9.1948792e-01   2.6646403e-01
   9.1948792e-01   3.2503646e-01
   9.1948792e-01   3.7365104e-01
   9.1948792e-01   4.1414401e-01
   9.1948792e-01   4.4799696e-01
   9.1948792e-01   4.7640261e-01
   9.1948792e-01   5.0032156e-01
   9.1948792e-01   5.2052929e-01
   9.1948792e-01   5.3765394e-01
   9.1948792e-01   5.5220649e-01
   9.1948792e-01   5.6460455e-01
   9.1948792e-01   5.7519101e-01
   9.1948792e-01   5.8424882e-01
   9.1948792e-01   5.9201256e-01
   9.1948792e-01   5.9867756e-01
   9.1948792e-01   6.0440721e-01
   9.1948792e-01   6.0933871e-01
   9.1948792e-01   6.1358769e-01
   9.1948792e-01   6.1725195e-01
   9.1948792e-01   6.2041445e-01
   9.1948792e-01   6.2314573e-01
   9.1948792e-01   6.2550599e-01
   9.1948792e-01   6.2754664e-01
   9.1948792e-01   6.2931173e-01
   9.1948792e-01   6.3083902e-01
   9.1948792e-01   6.3216097e-01
   9.1948792e-01   6.3330548e-01
   9.1948792e-01   6.3429660e-01
   9.1948792e-01   6.3515505e-01
   9.1948792e-01   6.3589871e-01
   9.1948792e-01   6.3654302e-01
   9.1948792e-01   6.3710130e-01
   9.1948792e-01   6.3758510e-01
   9.1948792e-01   6.3800438e-01
   9.1948792e-01   6.3836777e-01
   9.1948792e-01   6.3868274e-01
   1.7053550e-01   6.3895575e-01
   1.7053550e-01   6.3919240e-01
   1.7053550e-01   6.3939754e-01
   1.7053550e-01   6.3605165e-01
   1.7053550e-01   6.2716731e-01
   1.7053550e-01   6.1448325e-01
   1.7053550e-01   5.9924188e-01
   1.7053550e-01   5.8237644e-01
   1.7053550e-01   5.6460992e-01
   1.7053550e-01   5.4650954e-01
   1.7053550e-01   5.2851899e-01
   1.7053550e-01   5.1097962e-01
   1.7053550e-01   4.9414619e-01
   1.7053550e-01   4.7820011e-01
   1.7053550e-01   4.6326121e-01
   1.7053550e-01   4.4939851e-01
   1.7053550e-01   4.3664010e-01
   1.7053550e-01   4.2498199e-01
   1.7053550e-01   4.1439592e-01
   1.7053550e-01   4.0483601e-01
   1.7053550e-01   3.9624438e-01
   1.7053550e-01   3.8855565e-01
   1.7053550e-01   3.8170059e-01
   1.7053550e-01   3.7560888e-01
   1.7053550e-01   3.7021118e-01
   1.7053550e-01   3.6544062e-01
   1.7053550e-01   3.6123382e-01
   1.7053550e-01   3.5753151e-01
   1.7053550e-01   3.5427890e-01
   1.7053550e-01   3.5142578e-01
   1.7053550e-01   3.4892649e-01
   1.7053550e-01   3.4673979e-01
   1.7053550e-01   3.4482860e-01
   1.7053550e-01   3.4315979e-01
   1.7053550e-01   3.4170382e-01
   1.7053550e-01   3.4043448e-01
   1.7053550e-01   3.3932856e-01
   1.7053550e-01   3.3836557e-01
   1.7053550e-01   3.3752746e-01
   1.7053550e-01   3.3679837e-01
   1.7053550e-01   3.3616436e-01
   1.7053550e-01   3.3561323e-01
   1.7053550e-01   3.3513430e-01
   1.7053550e-01   3.3471821e-01
   1.7053550e-01   3.3435682e-01
   1.7053550e-01   3.3404299e-01
   1.7053550e-01   3.3377053e-01
   1.7053550e-01   3.3353401e-01
   1.7053550e-01   3.3332873e-01
   1.7053550e-01   3.3315059e-01
   5.0253412e-01   3.3299601e-01
   5.0253412e-01   3.3286190e-01
   5.0253412e-01   3.3274555e-01
   5.0253412e-01   3.3754439e-01
   5.0253412e-01   3.4966150e-01
   5.0253412e-01   3.6604002e-01
   5.0253412e-01   3.8447693e-01
   5.0253412e-01   4.0347369e-01
   5.0253412e-01   4.2206693e-01
   5.0253412e-01   4.3967794e-01
   5.0253412e-01   4.5599306e-01
   5.0253412e-01   4.7087469e-01
   5.0253412e-01   4.8429787e-01
   5.0253412e-01   4.9630659e-01
   5.0253412e-01   5.0698431e-01
   5.0253412e-01   5.1643468e-01
   5.0253412e-01   5.2476914e-01
   5.0253412e-01   5.3209926e-01
   5.0253412e-01   5.3853213e-01
   5.0253412e-01   5.4416790e-01
   5.0253412e-01   5.4909851e-01
   5.0253412e-01   5.5340734e-01
   5.0253412e-01   5.5716929e-01
   5.0253412e-01   5.6045121e-01
   5.0253412e-01   5.6331247e-01
   5.0253412e-01   5.6580557e-01
   5.0253412e-01   5.6797682e-01
   5.0253412e-01   5.6986696e-01
   5.0253412e-01   5.7151176e-01
   5.0253412e-01   5.7294257e-01
   5.0253412e-01   5.7418687e-01
   5.0253412e-01   5.7526866e-01
   5.0253412e-01   5.7620894e-01
   5.0253412e-01   5.7702603e-01
   5.0253412e-01   5.7773593e-01
   5.0253412e-01   5.7835258e-01
   5.0253412e-01   5.7888814e-01
   5.0253412e-01   5.7935319e-01
   5.0253412e-01   5.7975697e-01
   5.0253412e-01   5.8010750e-01
   5.0253412e-01   5.8041176e-01
   5.0253412e-01   5.8067583e-01
   5.0253412e-01   5.8090500e-01
   5.0253412e-01   5.8110385e-01
   5.0253412e-01   5.8127640e-01
   5.0253412e-01   5.8142609e-01
   5.0253412e-01   5.8155596e-01
   5.0253412e-01   5.8166862e-01
   5.0253412e-01   5.8176634e-01
   5.0253412e-01   5.8185110e-01
   1.1914103e-02   5.8192461e-01
   1.1914103e-02   5.8198837e-01
   1.1914103e-02   5.8204367e-01
   1.1914103e-02   5.7652526e-01
   1.1914103e-02   5.6219368e-01
   1.1914103e-02   5.4162219e-01
   1.1914103e-02   5.1662698e-01
   1.1914103e-02   4.8859288e-01
   1.1914103e-02   4.5863200e-01
   1.1914103e-02   4.2766101e-01
   1.1914103e-02   3.9643902e-01
   1.1914103e-02   3.6558732e-01
   1.1914103e-02   3.3560202e-01
   1.1914103e-02   3.0686497e-01
   1.1914103e-02   2.7965504e-01
   1.1914103e-02   2.5416041e-01
   1.1914103e-02   2.3049158e-01
   1.1914103e-02   2.0869456e-01
   1.1914103e-02   1.8876355e-01
   1.1914103e-02   1.7065270e-01
   1.1914103e-02   1.5428655e-01
   1.1914103e-02   1.3956903e-01
   1.1914103e-02   1.2639097e-01
   1.1914103e-02   1.1463611e-01
   1.1914103e-02   1.0418589e-01
   1.1914103e-02   9.4922953e-02
   1.1914103e-02   8.6733835e-02
   1.1914103e-02   7.9510711e-02
   1.1914103e-02   7.3152563e-02
   1.1914103e-02   6.7565830e-02
   1.1914103e-02   6.2664670e-02
   1.1914103e-02   5.8370941e-02
   1.1914103e-02   5.4613982e-02
   1.1914103e-02   5.1330250e-02
   1.1914103e-02   4.8462880e-02
   1.1914103e-02   4.5961191e-02
   1.1914103e-02   4.3780170e-02
   1.1914103e-02   4.1879962e-02
   1.1914103e-02   4.0225370e-02
   1.1914103e-02   3.8785384e-02
   1.1914103e-02   3.7532733e-02
   1.1914103e-02   3.6443482e-02
   1.1914103e-02   3.5496650e-02
   1.1914103e-02   3.4673871e-02
   1.1914103e-02   3.3959090e-02
   1.1914103e-02   3.3338281e-02
   1.1914103e-02   3.2799205e-02
   1.1914103e-02   3.2331192e-02
   1.1914103e-02   3.1924942e-02
   1.1914103e-02   3.1572357e-02
   7.8180651e-01   3.1266388e-02
   7.8180651e-01   3.1000903e-02
   7.8180651e-01   3.0770569e-02
   7.8180651e-01   4.5213567e-02
   7.8180651e-01   8.1016424e-02
   7.8180651e-01   1.2824586e-01
   7.8180651e-01   1.7985352e-01
   7.8180651e-01   2.3131873e-01
   7.8180651e-01   2.8001903e-01
   7.8180651e-01   3.2462713e-01
   7.8180651e-01   3.6463757e-01
   7.8180651e-01   4.0003223e-01
   7.8180651e-01   4.3105963e-01
   7.8180651e-01   4.5809674e-01
   7.8180651e-01   4.8156647e-01
   7.8180651e-01   5.0189105e-01
   7.8180651e-01   5.1946752e-01
   7.8180651e-01   5.3465656e-01
   7.8180651e-01   5.4777893e-01
   7.8180651e-01   5.5911606e-01
   7.8180651e-01   5.6891282e-01
   7.8180651e-01   5.7738108e-01
   7.8180651e-01   5.8470364e-01
   7.8180651e-01   5.9103787e-01
   7.8180651e-01   5.9651920e-01
   7.8180651e-01   6.0126412e-01
   7.8180651e-01   6.0537288e-01
   7.8180651e-01   6.0893179e-01
   7.8180651e-01   6.1201520e-01
   7.8180651e-01   6.1468723e-01
   7.8180651e-01   6.1700318e-01
   7.8180651e-01   6.1901081e-01
   7.8180651e-01   6.2075139e-01
   7.8180651e-01   6.2226059e-01
   7.8180651e-01   6.2356928e-01
   7.8180651e-01   6.2470416e-01
   7.8180651e-01   6.2568837e-01
   7.8180651e-01   6.2654193e-01
   7.8180651e-01   6.2728221e-01
   7.8180651e-01   6.2792424e-01
   7.8180651e-01   6.2848106e-01
   7.8180651e-01   6.2896399e-01
   7.8180651e-01   6.2938282e-01
   7.8180651e-01   6.2974606e-01
   7.8180651e-01   6.3006108e-01
   7.8180651e-01   6.3033428e-01
   7.8180651e-01   6.3057120e-01
   7.8180651e-01   6.3077667e-01
   7.8180651e-01   6.3095484e-01
   7.8180651e-01   6.3110935e-01
   9.4431060e-02   6.3124333e-01
   9.4431060e-02   6.3135951e-01
   9.4431060e-02   6.3146026e-01
   9.4431060e-02   6.2707992e-01
   9.4431060e-02   6.1564512e-01
   9.4431060e-02   5.9926823e-01
   9.4431060e-02   5.7944732e-01
   9.4431060e-02   5.5731936e-01
   9.4431060e-02   5.3378641e-01
   9.4431060e-02   5.0957979e-01
   9.4431060e-02   4.8529368e-01
   9.4431060e-02   4.6140462e-01
   9.4431060e-02   4.3828504e-01
   9.4431060e-02   4.1621477e-01
   9.4431060e-02   3.9539225e-01
   9.4431060e-02   3.7594581e-01
   9.4431060e-02   3.5794496e-01
   9.4431060e-02   3.4141125e-01
   9.4431060e-02   3.2632845e-01
   9.4431060e-02   3.1265166e-01
   9.4431060e-02   3.0031529e-01
   9.4431060e-02   2.8923977e-01
   9.4431060e-02   2.7933707e-01
   9.4431060e-02   2.7051506e-01
   9.4431060e-02   2.6268094e-01
   9.4431060e-02   2.5574368e-01
   9.4431060e-02   2.4961590e-01
   9.4431060e-02   2.4421502e-01
   9.4431060e-02   2.3946402e-01
   9.4431060e-02   2.3529183e-01
   9.4431060e-02   2.3163347e-01
   9.4431060e-02   2.2842991e-01
   9.4431060e-02   2.2562790e-01
   9.4431060e-02   2.2317964e-01
   9.4431060e-02   2.2104243e-01
   9.4431060e-02   2.1917824e-01
   9.4431060e-02   2.1755337e-01
   9.4431060e-02   2.1613797e-01
   9.4431060e-02   2.1490572e-01
   9.4431060e-02   2.1383345e-01
   9.4431060e-02   2.1290080e-01
   9.4431060e-02   2.1208989e-01
   9.4431060e-02   2.1138508e-01
   9.4431060e-02   2.1077266e-01
   9.4431060e-02   2.1024066e-01
   9.4431060e-02   2.0977863e-01
   9.4431060e-02   2.0937745e-01
   9.4431060e-02   2.0902917e-01
   9.4431060e-02   2.0872687e-01
   9.4431060e-02   2.0846451e-01
  -7.0141199e-01   2.0823684e-01
  -7.0141199e-01   2.0803931e-01
  -7.0141199e-01   2.0786793e-01
  -7.0141199e-01   1.9254892e-01
  -7.0141199e-01   1.5283418e-01
  -7.0141199e-01   9.4958808e-02
  -7.0141199e-01   2.3164666e-02
  -7.0141199e-01  -5.9264812e-02
  -7.0141199e-01  -1.4953539e-01
  -7.0141199e-01  -2.4514577e-01
  -7.0141199e-01  -3.4382515e-01
  -7.0141199e-01  -4.4353226e-01
  -7.0141199e-01  -5.4247616e-01
  -7.0141199e-01  -6.3913752e-01
  -7.0141199e-01  -7.3228000e-01
  -7.0141199e-01  -8.2094824e-01
  -7.0141199e-01  -9.0445315e-01
  -7.0141199e-01  -9.8234717e-01
  -7.0141199e-01  -1.0543930e+00
  -7.0141199e-01  -1.1205294e+00
  -7.0141199e-01  -1.1808365e+00
  -7.0141199e-01  -1.2355030e+00
  -7.0141199e-01  -1.2847971e+00
  -7.0141199e-01  -1.3290407e+00
  -7.0141199e-01  -1.3685886e+00
  -7.0141199e-01  -1.4038112e+00
  -7.0141199e-01  -1.4350810e+00
  -7.0141199e-01  -1.4627635e+00
  -7.0141199e-01  -1.4872091e+00
  -7.0141199e-01  -1.5087489e+00
  -7.0141199e-01  -1.5276916e+00
  -7.0141199e-01  -1.5443220e+00
  -7.0141199e-01  -1.5589004e+00
  -7.0141199e-01  -1.5716631e+00
  -7.0141199e-01  -1.5828232e+00
  -7.0141199e-01  -1.5925719e+00
  -7.0141199e-01  -1.6010801e+00
  -7.0141199e-01  -1.6084998e+00
  -7.0141199e-01  -1.6149655e+00
  -7.0141199e-01  -1.6205966e+00
  -7.0141199e-01  -1.6254981e+00
  -7.0141199e-01  -1.6297624e+00
  -7.0141199e-01  -1.6334709e+00
  -7.0141199e-01  -1.6366948e+00
  -7.0141199e-01  -1.6394965e+00
  -7.0141199e-01  -1.6419306e+00
  -7.0141199e-01  -1.6440448e+00
  -7.0141199e-01  -1.6458806e+00
  -7.0141199e-01  -1.6474746e+00
  -7.0141199e-01  -1.6488582e+00
   6.8143451e-01  -1.6500590e+00
   6.8143451e-01  -1.6511011e+00
   6.8143451e-01  -1.6520053e+00
   6.8143451e-01  -1.5729510e+00
   6.8143451e-01  -1.3826518e+00
   6.8143451e-01  -1.1429685e+00
   6.8143451e-01  -8.9570352e-01
   6.8143451e-01  -6.6429997e-01
   6.8143451e-01  -4.5926496e-01
   6.8143451e-01  -2.8333738e-01
   6.8143451e-01  -1.3519608e-01
   6.8143451e-01  -1.1749695e-02
   6.8143451e-01   9.0596470e-02
   6.8143451e-01   1.7531253e-01
   6.8143451e-01   2.4547897e-01
   6.8143451e-01   3.0371166e-01
   6.8143451e-01   3.5217725e-01
   6.8143451e-01   3.9264569e-01
   6.8143451e-01   4.2655262e-01
   6.8143451e-01   4.5505925e-01
   6.8143451e-01   4.7910489e-01
   6.8143451e-01   4.9945079e-01
   6.8143451e-01   5.1671586e-01
   6.8143451e-01   5.3140522e-01
   6.8143451e-01   5.4393291e-01
   6.8143451e-01   5.5463989e-01
   6.8143451e-01   5.6380817e-01
   6.8143451e-01   5.7167213e-01
   6.8143451e-01   5.7842732e-01
   6.8143451e-01   5.8423762e-01
   6.8143451e-01   5.8924088e-01
   6.8143451e-01   5.9355346e-01
   6.8143451e-01   5.9727388e-01
   6.8143451e-01   6.0048585e-01
   6.8143451e-01   6.0326061e-01
   6.8143451e-01   6.0565900e-01
   6.8143451e-01   6.0773304e-01
   6.8143451e-01   6.0952733e-01
   6.8143451e-01   6.1108013e-01
   6.8143451e-01   6.1242433e-01
   6.8143451e-01   6.1358825e-01
   6.8143451e-01   6.1459628e-01
   6.8143451e-01   6.1546946e-01
   6.8143451e-01   6.1622592e-01
   6.8143451e-01   6.1688137e-01
   6.8143451e-01   6.1744934e-01
   6.8143451e-01   6.1794156e-01
   6.8143451e-01   6.1836816e-01
   6.8143451e-01   6.1873790e-01
   6.8143451e-01   6.1905839e-01
   6.2856965e-01   6.1933619e-01
   6.2856965e-01   6.1957700e-01
   6.2856965e-01   6.1978575e-01
   6.2856965e-01   6.1983810e-01
   6.2856965e-01   6.1967049e-01
   6.2856965e-01   6.1935911e-01
   6.2856965e-01   6.1895954e-01
   6.2856965e-01   6.1851190e-01
   6.2856965e-01   6.1804472e-01
   6.2856965e-01   6.1757790e-01
   6.2856965e-01   6.1712491e-01
   6.2856965e-01   6.1669447e-01
   6.2856965e-01   6.1629186e-01
   6.2856965e-01   6.1591983e-01
   6.2856965e-01   6.1557935e-01
   6.2856965e-01   6.1527018e-01
   6.2856965e-01   6.1499123e-01
   6.2856965e-01   6.1474087e-01
   6.2856965e-01   6.1451720e-01
   6.2856965e-01   6.1431811e-01
   6.2856965e-01   6.1414148e-01
   6.2856965e-01   6.1398522e-01
   6.2856965e-01   6.1384730e-01
   6.2856965e-01   6.1372583e-01
   6.2856965e-01   6.1361904e-01
   6.2856965e-01   6.1352531e-01
   6.2856965e-01   6.1344315e-01
   6.2856965e-01   6.1337123e-01
   6.2856965e-01   6.1330833e-01
   6.2856965e-01   6.1325338e-01
   6.2856965e-01   6.1320541e-01
   6.2856965e-01   6.1316357e-01
   6.2856965e-01   6.1312709e-01
   6.2856965e-01   6.1309532e-01
   6.2856965e-01   6.1306765e-01
   6.2856965e-01   6.1304357e-01
   6.2856965e-01   6.1302262e-01
   6.2856965e-01   6.1300441e-01
   6.2856965e-01   6.1298857e-01
   6.2856965e-01   6.1297481e-01
   6.2856965e-01   6.1296285e-01
   6.2856965e-01   6.1295246e-01
   6.2856965e-01   6.1294344e-01
   6.2856965e-01   6.1293561e-01
   6.2856965e-01   6.1292881e-01
   6.2856965e-01   6.1292290e-01
   6.2856965e-01   6.1291778e-01
   6.2856965e-01   6.1291333e-01
   6.2856965e-01   6.1290948e-01
   6.2856965e-01   6.1290613e-01
   8.5852725e-01   6.1290322e-01
   8.5852725e-01   6.1290071e-01
   8.5852725e-01   6.1289852e-01
   8.5852725e-01   6.1329702e-01
   8.5852725e-01   6.1430370e-01
   8.5852725e-01   6.1568753e-01
   8.5852725e-01   6.1728115e-01
   8.5852725e-01   6.1896587e-01
   8.5852725e-01   6.2065954e-01
   8.5852725e-01   6.2230715e-01
   8.5852725e-01   6.2387350e-01
   8.5852725e-01   6.2533767e-01
   8.5852725e-01   6.2668892e-01
   8.5852725e-01   6.2792355e-01
   8.5852725e-01   6.2904272e-01
   8.5852725e-01   6.3005071e-01
   8.5852725e-01   6.3095379e-01
   8.5852725e-01   6.3175934e-01
   8.5852725e-01   6.3247525e-01
   8.5852725e-01   6.3310953e-01
   8.5852725e-01   6.3366998e-01
   8.5852725e-01   6.3416407e-01
   8.5852725e-01   6.3459881e-01
   8.5852725e-01   6.3498068e-01
   8.5852725e-01   6.3531559e-01
   8.5852725e-01   6.3560896e-01
   8.5852725e-01   6.3586563e-01
   8.5852725e-01   6.3608997e-01
   8.5852725e-01   6.3628588e-01
   8.5852725e-01   6.3645683e-01
   8.5852725e-01   6.3660589e-01
   8.5852725e-01   6.3673579e-01
   8.5852725e-01   6.3684893e-01
   8.5852725e-01   6.3694742e-01
   8.5852725e-01   6.3703312e-01
   8.5852725e-01   6.3710767e-01
   8.5852725e-01   6.3717249e-01
   8.5852725e-01   6.3722883e-01
   8.5852725e-01   6.3727779e-01
   8.5852725e-01   6.3732033e-01
   8.5852725e-01   6.3735728e-01
   8.5852725e-01   6.3738936e-01
   8.5852725e-01   6.3741722e-01
   8.5852725e-01   6.3744141e-01
   8.5852725e-01   6.3746240e-01
   8.5852725e-01   6.3748062e-01
   8.5852725e-01   6.3749643e-01
   8.5852725e-01   6.3751015e-01
   8.5852725e-01   6.3752205e-01
   8.5852725e-01   6.3753238e-01
  -6.0680950e-01   6.3754133e-01
  -6.0680950e-01   6.3754910e-01
  -6.0680950e-01   6.3755584e-01
  -6.0680950e-01   6.2628307e-01
  -6.0680950e-01   5.9624932e-01
  -6.0680950e-01   5.5086257e-01
  -6.0680950e-01   4.9201146e-01
  -6.0680950e-01   4.2107710e-01
  -6.0680950e-01   3.3939995e-01
  -6.0680950e-01   2.4847967e-01
  -6.0680950e-01   1.5002623e-01
  -6.0680950e-01   4.5923998e-02
  -6.0680950e-01  -6.1850877e-02
  -6.0680950e-01  -1.7133079e-01
  -6.0680950e-01  -2.8065359e-01
  -6.0680950e-01  -3.8814255e-01
  -6.0680950e-01  -4.9236225e-01
  -6.0680950e-01  -5.9214903e-01
  -6.0680950e-01  -6.8661831e-01
  -6.0680950e-01  -7.7515324e-01
  -6.0680950e-01  -8.5738010e-01
  -6.0680950e-01  -9.3313566e-01
  -6.0680950e-01  -1.0024311e+00
  -6.0680950e-01  -1.0654154e+00
  -6.0680950e-01  -1.1223419e+00
  -6.0680950e-01  -1.1735371e+00
  -6.0680950e-01  -1.2193759e+00
  -6.0680950e-01  -1.2602592e+00
  -6.0680950e-01  -1.2965981e+00
  -6.0680950e-01  -1.3288001e+00
  -6.0680950e-01  -1.3572604e+00
  -6.0680950e-01  -1.3823551e+00
  -6.0680950e-01  -1.4044365e+00
  -6.0680950e-01  -1.4238314e+00
  -6.0680950e-01  -1.4408395e+00
  -6.0680950e-01  -1.4557338e+00
  -6.0680950e-01  -1.4687610e+00
  -6.0680950e-01  -1.4801428e+00
  -6.0680950e-01  -1.4900776e+00
  -6.0680950e-01  -1.4987423e+00
  -6.0680950e-01  -1.5062936e+00
  -6.0680950e-01  -1.5128704e+00
  -6.0680950e-01  -1.5185953e+00
  -6.0680950e-01  -1.5235761e+00
  -6.0680950e-01  -1.5279077e+00
  -6.0680950e-01  -1.5316732e+00
  -6.0680950e-01  -1.5349455e+00
  -6.0680950e-01  -1.5377885e+00
  -6.0680950e-01  -1.5402577e+00
  -6.0680950e-01  -1.5424018e+00
   2.3208935e-01  -1.5442633e+00
   2.3208935e-01  -1.5458791e+00
   2.3208935e-01  -1.5472815e+00
   2.3208935e-01  -1.4905977e+00
   2.3208935e-01  -1.3512719e+00
   2.3208935e-01  -1.1714904e+00
   2.3208935e-01  -9.8055385e-01
   2.3208935e-01  -7.9609351e-01
   2.3208935e-01  -6.2720690e-01
   2.3208935e-01  -4.7750913e-01
   2.3208935e-01  -3.4743866e-01
   2.3208935e-01  -2.3578596e-01
   2.3208935e-01  -1.4062106e-01
   2.3208935e-01  -5.9815459e-02
   2.3208935e-01   8.6879625e-03
   2.3208935e-01   6.6752159e-02
   2.3208935e-01   1.1600417e-01
   2.3208935e-01   1.5783520e-01
   2.3208935e-01   1.9342006e-01
   2.3208935e-01   2.2374400e-01
   2.3208935e-01   2.4963043e-01
   2.3208935e-01   2.7176675e-01
   2.3208935e-01   2.9072714e-01
   2.3208935e-01   3.0699185e-01
   2.3208935e-01   3.2096347e-01
   2.3208935e-01   3.3298030e-01
   2.3208935e-01   3.4332740e-01
   2.3208935e-01   3.5224561e-01
   2.3208935e-01   3.5993896e-01
   2.3208935e-01   3.6658075e-01
   2.3208935e-01   3.7231853e-01
   2.3208935e-01   3.7727818e-01
   2.3208935e-01   3.8156735e-01
   2.3208935e-01   3.8527826e-01
   2.3208935e-01   3.8849003e-01
   2.3208935e-01   3.9127066e-01
   2.3208935e-01   3.9367865e-01
   2.3208935e-01   3.9576438e-01
   2.3208935e-01   3.9757133e-01
   2.3208935e-01   3.9913700e-01
   2.3208935e-01   4.0049377e-01
   2.3208935e-01   4.0166964e-01
   2.3208935e-01   4.0268881e-01
   2.3208935e-01   4.0357224e-01
   2.3208935e-01   4.0433803e-01
   2.3208935e-01   4.0500189e-01
   2.3208935e-01   4.0557741e-01
   2.3208935e-01   4.0607635e-01
   2.3208935e-01   4.0650891e-01
   2.3208935e-01   4.0688392e-01
