  -2.9668099e-01   0.0000000e+00
  -2.9668099e-01   0.0000000e+00
  -2.9668099e-01   0.0000000e+00
  -2.9668099e-01  -1.0052261e-02
  -2.9668099e-01  -3.5864565e-02
  -2.9668099e-01  -7.2520375e-02
  -2.9668099e-01  -1.1650522e-01
  -2.9668099e-01  -1.6517269e-01
  -2.9668099e-01  -2.1646475e-01
  -2.9668099e-01  -2.6875906e-01
  -2.9668099e-01  -3.2078002e-01
  -2.9668099e-01  -3.7154086e-01
  -2.9668099e-01  -4.2030062e-01
  -2.9668099e-01  -4.6652802e-01
  -2.9668099e-01  -5.0986887e-01
  -2.9668099e-01  -5.5011584e-01
  -2.9668099e-01  -5.8718059e-01
  -2.9668099e-01  -6.2106849e-01
  -2.9668099e-01  -6.5185621e-01
  -2.9668099e-01  -6.7967243e-01
  -2.9668099e-01  -7.0468162e-01
  -2.9668099e-01  -7.2707075e-01
  -2.9668099e-01  -7.4703871e-01
  -2.9668099e-01  -7.6478817e-01
  -2.9668099e-01  -7.8051941e-01
  -2.9668099e-01  -7.9442592e-01
  -2.9668099e-01  -8.0669138e-01
  -2.9668099e-01  -8.1748772e-01
  -2.9668099e-01  -8.2697407e-01
  -2.9668099e-01  -8.3529636e-01
  -2.9668099e-01  -8.4258736e-01
  -2.9668099e-01  -8.4896709e-01
  -2.9668099e-01  -8.5454345e-01
  -2.9668099e-01  -8.5941298e-01
  -2.9668099e-01  -8.6366171e-01
  -2.9668099e-01  -8.6736603e-01
  -2.9668099e-01  -8.7059360e-01
  -2.9668099e-01  -8.7340414e-01
  -2.9668099e-01  -8.7585029e-01
  -2.9668099e-01  -8.7797832e-01
  -2.9668099e-01  -8.7982888e-01
  -2.9668099e-01  -8.8143756e-01
  -2.9668099e-01  -8.8283555e-01
  -2.9668099e-01  -8.8405011e-01
  -2.9668099e-01  -8.8510503e-01
  -2.9668099e-01  -8.8602111e-01
  -2.9668099e-01  -8.8681647e-01
  -2.9668099e-01  -8.8750689e-01
  -2.9668099e-01  -8.8810613e-01
  -2.9668099e-01  -8.8862616e-01
   1.7052818e-01  -8.8907740e-01
   1.7052818e-01  -8.8946891e-01
   1.7052818e-01  -8.8980856e-01
   1.7052818e-01  -8.5948805e-01
   1.7052818e-01  -7.8467571e-01
   1.7052818e-01  -6.8636860e-01
   1.7052818e-01  -5.7942074e-01
   1.7052818e-01  -4.7327307e-01
   1.7052818e-01  -3.7331513e-01
   1.7052818e-01  -2.8219519e-01
   1.7052818e-01  -2.0084402e-01
   1.7052818e-01  -1.2919183e-01
   1.7052818e-01  -6.6635892e-02
   1.7052818e-01  -1.2329031e-02
   1.7052818e-01   3.4651324e-02
   1.7052818e-01   7.5209940e-02
   1.7052818e-01   1.1018679e-01
   1.7052818e-01   1.4033719e-01
   1.7052818e-01   1.6632716e-01
   1.7052818e-01   1.8873683e-01
   1.7052818e-01   2.0806767e-01
   1.7052818e-01   2.2475121e-01
   1.7052818e-01   2.3915781e-01
   1.7052818e-01   2.5160492e-01
   1.7052818e-01   2.6236463e-01
   1.7052818e-01   2.7167013e-01
   1.7052818e-01   2.7972147e-01
   1.7052818e-01   2.8669037e-01
   1.7052818e-01   2.9272442e-01
   1.7052818e-01   2.9795056e-01
   1.7052818e-01   3.0247811e-01
   1.7052818e-01   3.0640129e-01
   1.7052818e-01   3.0980139e-01
   1.7052818e-01   3.1274859e-01
   1.7052818e-01   3.1530351e-01
   1.7052818e-01   3.1751860e-01
   1.7052818e-01   3.1943919e-01
   1.7052818e-01   3.2110454e-01
   1.7052818e-01   3.2254864e-01
   1.7052818e-01   3.2380091e-01
   1.7052818e-01   3.2488686e-01
   1.7052818e-01   3.2582860e-01
   1.7052818e-01   3.2664527e-01
   1.7052818e-01   3.2735349e-01
   1.7052818e-01   3.2796766e-01
   1.7052818e-01   3.2850026e-01
   1.7052818e-01   3.2896211e-01
   1.7052818e-01   3.2936262e-01
   1.7052818e-01   3.2970993e-01
   1.7052818e-01   3.3001109e-01
   8.3438733e-01   3.3027224e-01
   8.3438733e-01   3.3049868e-01
   8.3438733e-01   3.3069503e-01
   8.3438733e-01   3.3721030e-01
   8.3438733e-01   3.5309488e-01
   8.3438733e-01   3.7429269e-01
   8.3438733e-01   3.9789552e-01
   8.3438733e-01   4.2195895e-01
   8.3438733e-01   4.4526874e-01
   8.3438733e-01   4.6712785e-01
   8.3438733e-01   4.8718743e-01
   8.3438733e-01   5.0532280e-01
   8.3438733e-01   5.2154695e-01
   8.3438733e-01   5.3595250e-01
   8.3438733e-01   5.4867387e-01
   8.3438733e-01   5.5986341e-01
   8.3438733e-01   5.6967685e-01
   8.3438733e-01   5.7826479e-01
   8.3438733e-01   5.8576812e-01
   8.3438733e-01   5.9231582e-01
   8.3438733e-01   5.9802426e-01
   8.3438733e-01   6.0299745e-01
   8.3438733e-01   6.0732764e-01
   8.3438733e-01   6.1109625e-01
   8.3438733e-01   6.1437492e-01
   8.3438733e-01   6.1722645e-01
   8.3438733e-01   6.1970584e-01
   8.3438733e-01   6.2186118e-01
   8.3438733e-01   6.2373443e-01
   8.3438733e-01   6.2536222e-01
   8.3438733e-01   6.2677647e-01
   8.3438733e-01   6.2800501e-01
   8.3438733e-01   6.2907208e-01
   8.3438733e-01   6.2999877e-01
   8.3438733e-01   6.3080345e-01
   8.3438733e-01   6.3150210e-01
   8.3438733e-01   6.3210863e-01
   8.3438733e-01   6.3263512e-01
   8.3438733e-01   6.3309210e-01
   8.3438733e-01   6.3348870e-01
   8.3438733e-01   6.3383287e-01
   8.3438733e-01   6.3413152e-01
   8.3438733e-01   6.3439065e-01
   8.3438733e-01   6.3461548e-01
   8.3438733e-01   6.3481052e-01
   8.3438733e-01   6.3497972e-01
   8.3438733e-01   6.3512649e-01
   8.3438733e-01   6.3525380e-01
   8.3438733e-01   6.3536422e-01
   8.3438733e-01   6.3546000e-01
   5.1440046e-01   6.3554306e-01
   5.1440046e-01   6.3561509e-01
   5.1440046e-01   6.3567756e-01
   5.1440046e-01   6.3499572e-01
   5.1440046e-01   6.3317954e-01
   5.1440046e-01   6.3063755e-01
   5.1440046e-01   6.2766559e-01
   5.1440046e-01   6.2447748e-01
   5.1440046e-01   6.2122620e-01
   5.1440046e-01   6.1801933e-01
   5.1440046e-01   6.1493031e-01
   5.1440046e-01   6.1200700e-01
   5.1440046e-01   6.0927817e-01
   5.1440046e-01   6.0675856e-01
   5.1440046e-01   6.0445270e-01
   5.1440046e-01   6.0235790e-01
   5.1440046e-01   6.0046650e-01
   5.1440046e-01   5.9876760e-01
   5.1440046e-01   5.9724837e-01
   5.1440046e-01   5.9589495e-01
   5.1440046e-01   5.9469321e-01
   5.1440046e-01   5.9362917e-01
   5.1440046e-01   5.9268939e-01
   5.1440046e-01   5.9186116e-01
   5.1440046e-01   5.9113260e-01
   5.1440046e-01   5.9049280e-01
   5.1440046e-01   5.8993175e-01
   5.1440046e-01   5.8944040e-01
   5.1440046e-01   5.8901057e-01
   5.1440046e-01   5.8863494e-01
   5.1440046e-01   5.8830697e-01
   5.1440046e-01   5.8802084e-01
   5.1440046e-01   5.8777137e-01
   5.1440046e-01   5.8755401e-01
   5.1440046e-01   5.8736474e-01
   5.1440046e-01   5.8719999e-01
   5.1440046e-01   5.8705666e-01
   5.1440046e-01   5.8693200e-01
   5.1440046e-01   5.8682363e-01
   5.1440046e-01   5.8672944e-01
   5.1440046e-01   5.8664761e-01
   5.1440046e-01   5.8657652e-01
   5.1440046e-01   5.8651478e-01
   5.1440046e-01   5.8646117e-01
   5.1440046e-01   5.8641463e-01
   5.1440046e-01   5.8637423e-01
   5.1440046e-01   5.8633917e-01
   5.1440046e-01   5.8630874e-01
   5.1440046e-01   5.8628234e-01
   5.1440046e-01   5.8625943e-01
  -2.3910831e-01   5.8623956e-01
  -2.3910831e-01   5.8622232e-01
  -2.3910831e-01   5.8620737e-01
  -2.3910831e-01   5.7686301e-01
  -2.3910831e-01   5.5236272e-01
  -2.3910831e-01   5.1626472e-01
  -2.3910831e-01   4.7090565e-01
  -2.3910831e-01   4.1809439e-01
  -2.3910831e-01   3.5942269e-01
  -2.3910831e-01   2.9639019e-01
  -2.3910831e-01   2.3043597e-01
  -2.3910831e-01   1.6292468e-01
  -2.3910831e-01   9.5115152e-02
  -2.3910831e-01   2.8127680e-02
  -2.3910831e-01  -3.7081216e-02
  -2.3910831e-01  -9.9732752e-02
  -2.3910831e-01  -1.5922811e-01
  -2.3910831e-01  -2.1514055e-01
  -2.3910831e-01  -2.6719991e-01
  -2.3910831e-01  -3.1527235e-01
  -2.3910831e-01  -3.5933779e-01
  -2.3910831e-01  -3.9946715e-01
  -2.3910831e-01  -4.3580082e-01
  -2.3910831e-01  -4.6852937e-01
  -2.3910831e-01  -4.9787688e-01
  -2.3910831e-01  -5.2408719e-01
  -2.3910831e-01  -5.4741278e-01
  -2.3910831e-01  -5.6810629e-01
  -2.3910831e-01  -5.8641413e-01
  -2.3910831e-01  -6.0257198e-01
  -2.3910831e-01  -6.1680181e-01
  -2.3910831e-01  -6.2931004e-01
  -2.3910831e-01  -6.4028672e-01
  -2.3910831e-01  -6.4990530e-01
  -2.3910831e-01  -6.5832298e-01
  -2.3910831e-01  -6.6568136e-01
  -2.3910831e-01  -6.7210734e-01
  -2.3910831e-01  -6.7771416e-01
  -2.3910831e-01  -6.8260246e-01
  -2.3910831e-01  -6.8686144e-01
  -2.3910831e-01  -6.9056990e-01
  -2.3910831e-01  -6.9379731e-01
  -2.3910831e-01  -6.9660478e-01
  -2.3910831e-01  -6.9904594e-01
  -2.3910831e-01  -7.0116784e-01
  -2.3910831e-01  -7.0301164e-01
  -2.3910831e-01  -7.0461335e-01
  -2.3910831e-01  -7.0600442e-01
  -2.3910831e-01  -7.0721228e-01
  -2.3910831e-01  -7.0826087e-01
  -8.4829142e-01  -7.0917104e-01
  -8.4829142e-01  -7.0996093e-01
  -8.4829142e-01  -7.1064637e-01
  -8.4829142e-01  -7.2400652e-01
  -8.4829142e-01  -7.5716700e-01
  -8.4829142e-01  -8.0363472e-01
  -8.4829142e-01  -8.5873376e-01
  -8.4829142e-01  -9.1898242e-01
  -8.4829142e-01  -9.8174138e-01
  -8.4829142e-01  -1.0450028e+00
  -8.4829142e-01  -1.1072537e+00
  -8.4829142e-01  -1.1673798e+00
  -8.4829142e-01  -1.2245906e+00
  -8.4829142e-01  -1.2783599e+00
  -8.4829142e-01  -1.3283730e+00
  -8.4829142e-01  -1.3744835e+00
  -8.4829142e-01  -1.4166744e+00
  -8.4829142e-01  -1.4550264e+00
  -8.4829142e-01  -1.4896904e+00
  -8.4829142e-01  -1.5208652e+00
  -8.4829142e-01  -1.5487804e+00
  -8.4829142e-01  -1.5736813e+00
  -8.4829142e-01  -1.5958191e+00
  -8.4829142e-01  -1.6154424e+00
  -8.4829142e-01  -1.6327919e+00
  -8.4829142e-01  -1.6480960e+00
  -8.4829142e-01  -1.6615686e+00
  -8.4829142e-01  -1.6734080e+00
  -8.4829142e-01  -1.6837958e+00
  -8.4829142e-01  -1.6928975e+00
  -8.4829142e-01  -1.7008625e+00
  -8.4829142e-01  -1.7078253e+00
  -8.4829142e-01  -1.7139062e+00
  -8.4829142e-01  -1.7192125e+00
  -8.4829142e-01  -1.7238393e+00
  -8.4829142e-01  -1.7278711e+00
  -8.4829142e-01  -1.7313823e+00
  -8.4829142e-01  -1.7344385e+00
  -8.4829142e-01  -1.7370975e+00
  -8.4829142e-01  -1.7394100e+00
  -8.4829142e-01  -1.7414204e+00
  -8.4829142e-01  -1.7431676e+00
  -8.4829142e-01  -1.7446856e+00
  -8.4829142e-01  -1.7460043e+00
  -8.4829142e-01  -1.7471494e+00
  -8.4829142e-01  -1.7481437e+00
  -8.4829142e-01  -1.7490069e+00
  -8.4829142e-01  -1.7497561e+00
  -8.4829142e-01  -1.7504063e+00
  -8.4829142e-01  -1.7509705e+00
   6.1595106e-02  -1.7514600e+00
   6.1595106e-02  -1.7518847e+00
   6.1595106e-02  -1.7522532e+00
   6.1595106e-02  -1.7026947e+00
   6.1595106e-02  -1.5810964e+00
   6.1595106e-02  -1.4223128e+00
   6.1595106e-02  -1.2508673e+00
   6.1595106e-02  -1.0820971e+00
   6.1595106e-02  -9.2450818e-01
   6.1595106e-02  -7.8205331e-01
   6.1595106e-02  -6.5589631e-01
   6.1595106e-02  -5.4562810e-01
   6.1595106e-02  -4.5004338e-01
   6.1595106e-02  -3.6760726e-01
   6.1595106e-02  -2.9671961e-01
   6.1595106e-02  -2.3585377e-01
   6.1595106e-02  -1.8362110e-01
   6.1595106e-02  -1.3879335e-01
   6.1595106e-02  -1.0030252e-01
   6.1595106e-02  -6.7229511e-02
   6.1595106e-02  -3.8788310e-02
   6.1595106e-02  -1.4308965e-02
   6.1595106e-02   6.7786413e-03
   6.1595106e-02   2.4959509e-02
   6.1595106e-02   4.0646429e-02
   6.1595106e-02   5.4191081e-02
   6.1595106e-02   6.5893470e-02
   6.1595106e-02   7.6009895e-02
   6.1595106e-02   8.4759650e-02
   6.1595106e-02   9.2330646e-02
   6.1595106e-02   9.8884140e-02
   6.1595106e-02   1.0455870e-01
   6.1595106e-02   1.0947354e-01
   6.1595106e-02   1.1373136e-01
   6.1595106e-02   1.1742069e-01
   6.1595106e-02   1.2061795e-01
   6.1595106e-02   1.2338914e-01
   6.1595106e-02   1.2579127e-01
   6.1595106e-02   1.2787369e-01
   6.1595106e-02   1.2967907e-01
   6.1595106e-02   1.3124434e-01
   6.1595106e-02   1.3260149e-01
   6.1595106e-02   1.3377823e-01
   6.1595106e-02   1.3479856e-01
   6.1595106e-02   1.3568328e-01
   6.1595106e-02   1.3645043e-01
   6.1595106e-02   1.3711562e-01
   6.1595106e-02   1.3769241e-01
   6.1595106e-02   1.3819254e-01
   6.1595106e-02   1.3862620e-01
   8.6802137e-01   1.3900222e-01
   8.6802137e-01   1.3932826e-01
   8.6802137e-01   1.3961096e-01
   8.6802137e-01   1.5143474e-01
   8.6802137e-01   1.8016136e-01
   8.6802137e-01   2.1806359e-01
   8.6802137e-01   2.5964665e-01
   8.6802137e-01   3.0134678e-01
   8.6802137e-01   3.4105358e-01
   8.6802137e-01   3.7765857e-01
   8.6802137e-01   4.1069971e-01
   8.6802137e-01   4.4010748e-01
   8.6802137e-01   4.6603468e-01
   8.6802137e-01   4.8874774e-01
   8.6802137e-01   5.0856019e-01
   8.6802137e-01   5.2579374e-01
   8.6802137e-01   5.4075683e-01
   8.6802137e-01   5.5373398e-01
   8.6802137e-01   5.6498146e-01
   8.6802137e-01   5.7472657e-01
   8.6802137e-01   5.8316898e-01
   8.6802137e-01   5.9048294e-01
   8.6802137e-01   5.9681989e-01
   8.6802137e-01   6.0231110e-01
   8.6802137e-01   6.0707020e-01
   8.6802137e-01   6.1119546e-01
   8.6802137e-01   6.1477185e-01
   8.6802137e-01   6.1787283e-01
   8.6802137e-01   6.2056191e-01
   8.6802137e-01   6.2289405e-01
   8.6802137e-01   6.2491679e-01
   8.6802137e-01   6.2667131e-01
   8.6802137e-01   6.2819323e-01
   8.6802137e-01   6.2951344e-01
   8.6802137e-01   6.3065870e-01
   8.6802137e-01   6.3165220e-01
   8.6802137e-01   6.3251405e-01
   8.6802137e-01   6.3326170e-01
   8.6802137e-01   6.3391026e-01
   8.6802137e-01   6.3447285e-01
   8.6802137e-01   6.3496087e-01
   8.6802137e-01   6.3538418e-01
   8.6802137e-01   6.3575136e-01
   8.6802137e-01   6.3606984e-01
   8.6802137e-01   6.3634607e-01
   8.6802137e-01   6.3658564e-01
   8.6802137e-01   6.3679342e-01
   8.6802137e-01   6.3697362e-01
   8.6802137e-01   6.3712990e-01
   8.6802137e-01   6.3726542e-01
   1.3764732e-01   6.3738295e-01
   1.3764732e-01   6.3748486e-01
   1.3764732e-01   6.3757324e-01
   1.3764732e-01   6.3373551e-01
   1.3764732e-01   6.2374000e-01
   1.3764732e-01   6.0948027e-01
   1.3764732e-01   5.9230593e-01
   1.3764732e-01   5.7323589e-01
   1.3764732e-01   5.5306815e-01
   1.3764732e-01   5.3243800e-01
   1.3764732e-01   5.1185089e-01
   1.3764732e-01   4.9170300e-01
   1.3764732e-01   4.7229628e-01
   1.3764732e-01   4.5385112e-01
   1.3764732e-01   4.3651807e-01
   1.3764732e-01   4.2038893e-01
   1.3764732e-01   4.0550737e-01
   1.3764732e-01   3.9187858e-01
   1.3764732e-01   3.7947814e-01
   1.3764732e-01   3.6825970e-01
   1.3764732e-01   3.5816152e-01
   1.3764732e-01   3.4911189e-01
   1.3764732e-01   3.4103351e-01
   1.3764732e-01   3.3384688e-01
   1.3764732e-01   3.2747290e-01
   1.3764732e-01   3.2183477e-01
   1.3764732e-01   3.1685926e-01
   1.3764732e-01   3.1247762e-01
   1.3764732e-01   3.0862603e-01
   1.3764732e-01   3.0524583e-01
   1.3764732e-01   3.0228357e-01
   1.3764732e-01   2.9969082e-01
   1.3764732e-01   2.9742402e-01
   1.3764732e-01   2.9544413e-01
   1.3764732e-01   2.9371634e-01
   1.3764732e-01   2.9220969e-01
   1.3764732e-01   2.9089677e-01
   1.3764732e-01   2.8975335e-01
   1.3764732e-01   2.8875807e-01
   1.3764732e-01   2.8789214e-01
   1.3764732e-01   2.8713907e-01
   1.3764732e-01   2.8648438e-01
   1.3764732e-01   2.8591540e-01
   1.3764732e-01   2.8542105e-01
   1.3764732e-01   2.8499166e-01
   1.3764732e-01   2.8461876e-01
   1.3764732e-01   2.8429500e-01
   1.3764732e-01   2.8401394e-01
   1.3764732e-01   2.8377000e-01
   1.3764732e-01   2.8355829e-01
  -9.7619586e-01   2.8337459e-01
  -9.7619586e-01   2.8321520e-01
  -9.7619586e-01   2.8307692e-01
  -9.7619586e-01   2.6748039e-01
  -9.7619586e-01   2.2682139e-01
  -9.7619586e-01   1.6712807e-01
  -9.7619586e-01   9.2404807e-02
  -9.7619586e-01   5.7547136e-03
  -9.7619586e-01  -9.0116888e-02
  -9.7619586e-01  -1.9269850e-01
  -9.7619586e-01  -2.9961816e-01
  -9.7619586e-01  -4.0866042e-01
  -9.7619586e-01  -5.1781000e-01
  -9.7619586e-01  -6.2529680e-01
  -9.7619586e-01  -7.2962892e-01
  -9.7619586e-01  -8.2960814e-01
  -9.7619586e-01  -9.2432787e-01
  -9.7619586e-01  -1.0131561e+00
  -9.7619586e-01  -1.0957076e+00
  -9.7619586e-01  -1.1718097e+00
  -9.7619586e-01  -1.2414651e+00
  -9.7619586e-01  -1.3048156e+00
  -9.7619586e-01  -1.3621077e+00
  -9.7619586e-01  -1.4136627e+00
  -9.7619586e-01  -1.4598505e+00
  -9.7619586e-01  -1.5010686e+00
  -9.7619586e-01  -1.5377249e+00
  -9.7619586e-01  -1.5702254e+00
  -9.7619586e-01  -1.5989638e+00
  -9.7619586e-01  -1.6243158e+00
  -9.7619586e-01  -1.6466336e+00
  -9.7619586e-01  -1.6662445e+00
  -9.7619586e-01  -1.6834489e+00
  -9.7619586e-01  -1.6985207e+00
  -9.7619586e-01  -1.7117076e+00
  -9.7619586e-01  -1.7232328e+00
  -9.7619586e-01  -1.7332958e+00
  -9.7619586e-01  -1.7420747e+00
  -9.7619586e-01  -1.7497276e+00
  -9.7619586e-01  -1.7563944e+00
  -9.7619586e-01  -1.7621989e+00
  -9.7619586e-01  -1.7672501e+00
  -9.7619586e-01  -1.7716436e+00
  -9.7619586e-01  -1.7754637e+00
  -9.7619586e-01  -1.7787839e+00
  -9.7619586e-01  -1.7816689e+00
  -9.7619586e-01  -1.7841750e+00
  -9.7619586e-01  -1.7863514e+00
  -9.7619586e-01  -1.7882411e+00
  -9.7619586e-01  -1.7898816e+00
  -6.7563538e-01  -1.7913055e+00
  -6.7563538e-01  -1.7925412e+00
  -6.7563538e-01  -1.7936134e+00
  -6.7563538e-01  -1.7918549e+00
  -6.7563538e-01  -1.7858871e+00
  -6.7563538e-01  -1.7772741e+00
  -6.7563538e-01  -1.7671526e+00
  -6.7563538e-01  -1.7563321e+00
  -6.7563538e-01  -1.7453759e+00
  -6.7563538e-01  -1.7346643e+00
  -6.7563538e-01  -1.7244432e+00
  -6.7563538e-01  -1.7148616e+00
  -6.7563538e-01  -1.7059989e+00
  -6.7563538e-01  -1.6978861e+00
  -6.7563538e-01  -1.6905209e+00
  -6.7563538e-01  -1.6838789e+00
  -6.7563538e-01  -1.6779219e+00
  -6.7563538e-01  -1.6726033e+00
  -6.7563538e-01  -1.6678729e+00
  -6.7563538e-01  -1.6636791e+00
  -6.7563538e-01  -1.6599712e+00
  -6.7563538e-01  -1.6567007e+00
  -6.7563538e-01  -1.6538219e+00
  -6.7563538e-01  -1.6512922e+00
  -6.7563538e-01  -1.6490727e+00
  -6.7563538e-01  -1.6471281e+00
  -6.7563538e-01  -1.6454263e+00
  -6.7563538e-01  -1.6439384e+00
  -6.7563538e-01  -1.6426389e+00
  -6.7563538e-01  -1.6415047e+00
  -6.7563538e-01  -1.6405156e+00
  -6.7563538e-01  -1.6396536e+00
  -6.7563538e-01  -1.6389026e+00
  -6.7563538e-01  -1.6382489e+00
  -6.7563538e-01  -1.6376799e+00
  -6.7563538e-01  -1.6371850e+00
  -6.7563538e-01  -1.6367546e+00
  -6.7563538e-01  -1.6363805e+00
  -6.7563538e-01  -1.6360554e+00
  -6.7563538e-01  -1.6357729e+00
  -6.7563538e-01  -1.6355275e+00
  -6.7563538e-01  -1.6353144e+00
  -6.7563538e-01  -1.6351294e+00
  -6.7563538e-01  -1.6349688e+00
  -6.7563538e-01  -1.6348293e+00
  -6.7563538e-01  -1.6347083e+00
  -6.7563538e-01  -1.6346033e+00
  -6.7563538e-01  -1.6345122e+00
  -6.7563538e-01  -1.6344331e+00
  -6.7563538e-01  -1.6343645e+00
  -3.7756992e-01  -1.6343050e+00
  -3.7756992e-01  -1.6342534e+00
  -3.7756992e-01  -1.6342087e+00
  -3.7756992e-01  -1.6251759e+00
  -3.7756992e-01  -1.6025878e+00
  -3.7756992e-01  -1.5717946e+00
  -3.7756992e-01  -1.5366662e+00
  -3.7756992e-01  -1.4999053e+00
  -3.7756992e-01  -1.4633313e+00
  -3.7756992e-01  -1.4281159e+00
  -3.7756992e-01  -1.3949674e+00
  -3.7756992e-01  -1.3642698e+00
  -3.7756992e-01  -1.3361858e+00
  -3.7756992e-01  -1.3107306e+00
  -3.7756992e-01  -1.2878246e+00
  -3.7756992e-01  -1.2673305e+00
  -3.7756992e-01  -1.2490789e+00
  -3.7756992e-01  -1.2328854e+00
  -3.7756992e-01  -1.2185625e+00
  -3.7756992e-01  -1.2059268e+00
  -3.7756992e-01  -1.1948036e+00
  -3.7756992e-01  -1.1850300e+00
  -3.7756992e-01  -1.1764557e+00
  -3.7756992e-01  -1.1689438e+00
  -3.7756992e-01  -1.1623703e+00
  -3.7756992e-01  -1.1566238e+00
  -3.7756992e-01  -1.1516049e+00
  -3.7756992e-01  -1.1472248e+00
  -3.7756992e-01  -1.1434050e+00
  -3.7756992e-01  -1.1400757e+00
  -3.7756992e-01  -1.1371756e+00
  -3.7756992e-01  -1.1346505e+00
  -3.7756992e-01  -1.1324530e+00
  -3.7756992e-01  -1.1305413e+00
  -3.7756992e-01  -1.1288788e+00
  -3.7756992e-01  -1.1274334e+00
  -3.7756992e-01  -1.1261772e+00
  -3.7756992e-01  -1.1250857e+00
  -3.7756992e-01  -1.1241375e+00
  -3.7756992e-01  -1.1233140e+00
  -3.7756992e-01  -1.1225988e+00
  -3.7756992e-01  -1.1219779e+00
  -3.7756992e-01  -1.1214389e+00
  -3.7756992e-01  -1.1209711e+00
  -3.7756992e-01  -1.1205650e+00
  -3.7756992e-01  -1.1202127e+00
  -3.7756992e-01  -1.1199070e+00
  -3.7756992e-01  -1.1196417e+00
  -3.7756992e-01  -1.1194116e+00
  -3.7756992e-01  -1.1192120e+00
  -6.6870254e-01  -1.1190388e+00
  -6.6870254e-01  -1.1188886e+00
  -6.6870254e-01  -1.1187584e+00
  -6.6870254e-01  -1.1258166e+00
  -6.6870254e-01  -1.1439179e+00
  -6.6870254e-01  -1.1691670e+00
  -6.6870254e-01  -1.1987454e+00
  -6.6870254e-01  -1.2306008e+00
  -6.6870254e-01  -1.2632432e+00
  -6.6870254e-01  -1.2956039e+00
  -6.6870254e-01  -1.3269346e+00
  -6.6870254e-01  -1.3567309e+00
  -6.6870254e-01  -1.3846746e+00
  -6.6870254e-01  -1.4105877e+00
  -6.6870254e-01  -1.4343970e+00
  -6.6870254e-01  -1.4561055e+00
  -6.6870254e-01  -1.4757704e+00
  -6.6870254e-01  -1.4934858e+00
  -6.6870254e-01  -1.5093695e+00
  -6.6870254e-01  -1.5235528e+00
  -6.6870254e-01  -1.5361727e+00
  -6.6870254e-01  -1.5473671e+00
  -6.6870254e-01  -1.5572703e+00
  -6.6870254e-01  -1.5660105e+00
  -6.6870254e-01  -1.5737084e+00
  -6.6870254e-01  -1.5804761e+00
  -6.6870254e-01  -1.5864164e+00
  -6.6870254e-01  -1.5916232e+00
  -6.6870254e-01  -1.5961814e+00
  -6.6870254e-01  -1.6001673e+00
  -6.6870254e-01  -1.6036495e+00
  -6.6870254e-01  -1.6066891e+00
  -6.6870254e-01  -1.6093402e+00
  -6.6870254e-01  -1.6116509e+00
  -6.6870254e-01  -1.6136638e+00
  -6.6870254e-01  -1.6154163e+00
  -6.6870254e-01  -1.6169414e+00
  -6.6870254e-01  -1.6182680e+00
  -6.6870254e-01  -1.6194215e+00
  -6.6870254e-01  -1.6204242e+00
  -6.6870254e-01  -1.6212956e+00
  -6.6870254e-01  -1.6220526e+00
  -6.6870254e-01  -1.6227101e+00
  -6.6870254e-01  -1.6232811e+00
  -6.6870254e-01  -1.6237768e+00
  -6.6870254e-01  -1.6242072e+00
  -6.6870254e-01  -1.6245807e+00
  -6.6870254e-01  -1.6249049e+00
  -6.6870254e-01  -1.6251861e+00
  -6.6870254e-01  -1.6254302e+00
  -4.7405743e-01  -1.6256419e+00
  -4.7405743e-01  -1.6258256e+00
  -4.7405743e-01  -1.6259849e+00
  -4.7405743e-01  -1.6213584e+00
  -4.7405743e-01  -1.6094949e+00
  -4.7405743e-01  -1.5931735e+00
  -4.7405743e-01  -1.5744074e+00
  -4.7405743e-01  -1.5546177e+00
  -4.7405743e-01  -1.5347798e+00
  -4.7405743e-01  -1.5155390e+00
  -4.7405743e-01  -1.4973014e+00
  -4.7405743e-01  -1.4803021e+00
  -4.7405743e-01  -1.4646562e+00
  -4.7405743e-01  -1.4503960e+00
  -4.7405743e-01  -1.4374992e+00
  -4.7405743e-01  -1.4259077e+00
  -4.7405743e-01  -1.4155421e+00
  -4.7405743e-01  -1.4063117e+00
  -4.7405743e-01  -1.3981207e+00
  -4.7405743e-01  -1.3908736e+00
  -4.7405743e-01  -1.3844776e+00
  -4.7405743e-01  -1.3788448e+00
  -4.7405743e-01  -1.3738933e+00
  -4.7405743e-01  -1.3695476e+00
  -4.7405743e-01  -1.3657389e+00
  -4.7405743e-01  -1.3624049e+00
  -4.7405743e-01  -1.3594895e+00
  -4.7405743e-01  -1.3569426e+00
  -4.7405743e-01  -1.3547194e+00
  -4.7405743e-01  -1.3527801e+00
  -4.7405743e-01  -1.3510897e+00
  -4.7405743e-01  -1.3496170e+00
  -4.7405743e-01  -1.3483346e+00
  -4.7405743e-01  -1.3472185e+00
  -4.7405743e-01  -1.3462476e+00
  -4.7405743e-01  -1.3454031e+00
  -4.7405743e-01  -1.3446689e+00
  -4.7405743e-01  -1.3440309e+00
  -4.7405743e-01  -1.3434764e+00
  -4.7405743e-01  -1.3429948e+00
  -4.7405743e-01  -1.3425765e+00
  -4.7405743e-01  -1.3422132e+00
  -4.7405743e-01  -1.3418978e+00
  -4.7405743e-01  -1.3416241e+00
  -4.7405743e-01  -1.3413864e+00
  -4.7405743e-01  -1.3411802e+00
  -4.7405743e-01  -1.3410013e+00
  -4.7405743e-01  -1.3408460e+00
  -4.7405743e-01  -1.3407113e+00
  -4.7405743e-01  -1.3405945e+00
   3.7842901e-01  -1.3404931e+00
   3.7842901e-01  -1.3404052e+00
   3.7842901e-01  -1.3403289e+00
   3.7842901e-01  -1.2822035e+00
   3.7842901e-01  -1.1419936e+00
   3.7842901e-01  -9.6280184e-01
   3.7842901e-01  -7.7429970e-01
   3.7842901e-01  -5.9397023e-01
   3.7842901e-01  -4.3048411e-01
   3.7842901e-01  -2.8696186e-01
   3.7842901e-01  -1.6340092e-01
   3.7842901e-01  -5.8251572e-02
   3.7842901e-01   3.0651671e-02
   3.7842901e-01   1.0558400e-01
   3.7842901e-01   1.6868158e-01
   3.7842901e-01   2.2183855e-01
   3.7842901e-01   2.6668141e-01
   3.7842901e-01   3.0458103e-01
   3.7842901e-01   3.3668066e-01
   3.7842901e-01   3.6392843e-01
   3.7842901e-01   3.8710882e-01
   3.7842901e-01   4.0687087e-01
   3.7842901e-01   4.2375224e-01
   3.7842901e-01   4.3819936e-01
   3.7842901e-01   4.5058391e-01
   3.7842901e-01   4.6121636e-01
   3.7842901e-01   4.7035685e-01
   3.7842901e-01   4.7822409e-01
   3.7842901e-01   4.8500255e-01
   3.7842901e-01   4.9084828e-01
   3.7842901e-01   4.9589364e-01
   3.7842901e-01   5.0025125e-01
   3.7842901e-01   5.0401710e-01
   3.7842901e-01   5.0727325e-01
   3.7842901e-01   5.1008991e-01
   3.7842901e-01   5.1252733e-01
   3.7842901e-01   5.1463724e-01
   3.7842901e-01   5.1646416e-01
   3.7842901e-01   5.1804639e-01
   3.7842901e-01   5.1941698e-01
   3.7842901e-01   5.2060443e-01
   3.7842901e-01   5.2163334e-01
   3.7842901e-01   5.2252499e-01
   3.7842901e-01   5.2329776e-01
   3.7842901e-01   5.2396754e-01
   3.7842901e-01   5.2454810e-01
   3.7842901e-01   5.2505135e-01
   3.7842901e-01   5.2548761e-01
   3.7842901e-01   5.2586579e-01
   3.7842901e-01   5.2619365e-01
  -9.8916803e-02   5.2647787e-01
  -9.8916803e-02   5.2672428e-01
  -9.8916803e-02   5.2693791e-01
  -9.8916803e-02   5.1969456e-01
  -9.8916803e-02   5.0059988e-01
  -9.8916803e-02   4.7294436e-01
  -9.8916803e-02   4.3901971e-01
  -9.8916803e-02   4.0058486e-01
  -9.8916803e-02   3.5908474e-01
  -9.8916803e-02   3.1574950e-01
  -9.8916803e-02   2.7163606e-01
  -9.8916803e-02   2.2764349e-01
  -9.8916803e-02   1.8451898e-01
  -9.8916803e-02   1.4286278e-01
  -9.8916803e-02   1.0313556e-01
  -9.8916803e-02   6.5669371e-02
  -9.8916803e-02   3.0681587e-02
  -9.8916803e-02  -1.7091603e-03
  -9.8916803e-02  -3.1466319e-02
  -9.8916803e-02  -5.8619048e-02
  -9.8916803e-02  -8.3246966e-02
  -9.8916803e-02  -1.0546655e-01
  -9.8916803e-02  -1.2541943e-01
  -9.8916803e-02  -1.4326269e-01
  -9.8916803e-02  -1.5916104e-01
  -9.8916803e-02  -1.7328072e-01
  -9.8916803e-02  -1.8578500e-01
  -9.8916803e-02  -1.9683084e-01
  -9.8916803e-02  -2.0656671e-01
  -9.8916803e-02  -2.1513117e-01
  -9.8916803e-02  -2.2265217e-01
  -9.8916803e-02  -2.2924680e-01
  -9.8916803e-02  -2.3502142e-01
  -9.8916803e-02  -2.4007201e-01
  -9.8916803e-02  -2.4448476e-01
  -9.8916803e-02  -2.4833668e-01
  -9.8916803e-02  -2.5169632e-01
  -9.8916803e-02  -2.5462451e-01
  -9.8916803e-02  -2.5717506e-01
  -9.8916803e-02  -2.5939543e-01
  -9.8916803e-02  -2.6132742e-01
  -9.8916803e-02  -2.6300776e-01
  -9.8916803e-02  -2.6446868e-01
  -9.8916803e-02  -2.6573839e-01
  -9.8916803e-02  -2.6684160e-01
  -9.8916803e-02  -2.6779989e-01
  -9.8916803e-02  -2.6863210e-01
  -9.8916803e-02  -2.6935467e-01
  -9.8916803e-02  -2.6998194e-01
  -9.8916803e-02  -2.7052639e-01
  -5.4204606e-01  -2.7099888e-01
  -5.4204606e-01  -2.7140888e-01
  -5.4204606e-01  -2.7176460e-01
  -5.4204606e-01  -2.8529313e-01
  -5.4204606e-01  -3.1953722e-01
  -5.4204606e-01  -3.6808127e-01
  -5.4204606e-01  -4.2634130e-01
  -5.4204606e-01  -4.9085837e-01
  -5.4204606e-01  -5.5893189e-01
  -5.4204606e-01  -6.2842200e-01
  -5.4204606e-01  -6.9763628e-01
  -5.4204606e-01  -7.6525711e-01
  -5.4204606e-01  -8.3028809e-01
  -5.4204606e-01  -8.9200879e-01
  -5.4204606e-01  -9.4993347e-01
  -5.4204606e-01  -1.0037723e+00
  -5.4204606e-01  -1.0533952e+00
  -5.4204606e-01  -1.0987985e+00
  -5.4204606e-01  -1.1400755e+00
  -5.4204606e-01  -1.1773907e+00
  -5.4204606e-01  -1.2109578e+00
  -5.4204606e-01  -1.2410222e+00
  -5.4204606e-01  -1.2678464e+00
  -5.4204606e-01  -1.2916989e+00
  -5.4204606e-01  -1.3128459e+00
  -5.4204606e-01  -1.3315452e+00
  -5.4204606e-01  -1.3480418e+00
  -5.4204606e-01  -1.3625656e+00
  -5.4204606e-01  -1.3753295e+00
  -5.4204606e-01  -1.3865290e+00
  -5.4204606e-01  -1.3963420e+00
  -5.4204606e-01  -1.4049296e+00
  -5.4204606e-01  -1.4124366e+00
  -5.4204606e-01  -1.4189927e+00
  -5.4204606e-01  -1.4247134e+00
  -5.4204606e-01  -1.4297014e+00
  -5.4204606e-01  -1.4340477e+00
  -5.4204606e-01  -1.4378327e+00
  -5.4204606e-01  -1.4411271e+00
  -5.4204606e-01  -1.4439931e+00
  -5.4204606e-01  -1.4464856e+00
  -5.4204606e-01  -1.4486523e+00
  -5.4204606e-01  -1.4505353e+00
  -5.4204606e-01  -1.4521713e+00
  -5.4204606e-01  -1.4535923e+00
  -5.4204606e-01  -1.4548262e+00
  -5.4204606e-01  -1.4558976e+00
  -5.4204606e-01  -1.4568276e+00
  -5.4204606e-01  -1.4576349e+00
  -5.4204606e-01  -1.4583354e+00
  -6.9524396e-01  -1.4589433e+00
  -6.9524396e-01  -1.4594706e+00
  -6.9524396e-01  -1.4599282e+00
  -6.9524396e-01  -1.4631872e+00
  -6.9524396e-01  -1.4707684e+00
  -6.9524396e-01  -1.4810768e+00
  -6.9524396e-01  -1.4929573e+00
  -6.9524396e-01  -1.5055800e+00
  -6.9524396e-01  -1.5183572e+00
  -6.9524396e-01  -1.5308820e+00
  -6.9524396e-01  -1.5428821e+00
  -6.9524396e-01  -1.5541851e+00
  -6.9524396e-01  -1.5646924e+00
  -6.9524396e-01  -1.5743583e+00
  -6.9524396e-01  -1.5831751e+00
  -6.9524396e-01  -1.5911616e+00
  -6.9524396e-01  -1.5983540e+00
  -6.9524396e-01  -1.6047995e+00
  -6.9524396e-01  -1.6105518e+00
  -6.9524396e-01  -1.6156670e+00
  -6.9524396e-01  -1.6202018e+00
  -6.9524396e-01  -1.6242114e+00
  -6.9524396e-01  -1.6277483e+00
  -6.9524396e-01  -1.6308622e+00
  -6.9524396e-01  -1.6335986e+00
  -6.9524396e-01  -1.6359998e+00
  -6.9524396e-01  -1.6381038e+00
  -6.9524396e-01  -1.6399453e+00
  -6.9524396e-01  -1.6415553e+00
  -6.9524396e-01  -1.6429616e+00
  -6.9524396e-01  -1.6441889e+00
  -6.9524396e-01  -1.6452593e+00
  -6.9524396e-01  -1.6461922e+00
  -6.9524396e-01  -1.6470048e+00
  -6.9524396e-01  -1.6477123e+00
  -6.9524396e-01  -1.6483279e+00
  -6.9524396e-01  -1.6488634e+00
  -6.9524396e-01  -1.6493290e+00
  -6.9524396e-01  -1.6497338e+00
  -6.9524396e-01  -1.6500855e+00
  -6.9524396e-01  -1.6503911e+00
  -6.9524396e-01  -1.6506565e+00
  -6.9524396e-01  -1.6508870e+00
  -6.9524396e-01  -1.6510872e+00
  -6.9524396e-01  -1.6512609e+00
  -6.9524396e-01  -1.6514117e+00
  -6.9524396e-01  -1.6515425e+00
  -6.9524396e-01  -1.6516561e+00
  -6.9524396e-01  -1.6517546e+00
  -6.9524396e-01  -1.6518401e+00
   7.6684871e-02  -1.6519143e+00
   7.6684871e-02  -1.6519786e+00
   7.6684871e-02  -1.6520344e+00
   7.6684871e-02  -1.6040747e+00
   7.6684871e-02  -1.4868204e+00
   7.6684871e-02  -1.3338174e+00
   7.6684871e-02  -1.1686610e+00
   7.6684871e-02  -1.0061047e+00
   7.6684871e-02  -8.5432877e-01
   7.6684871e-02  -7.1713321e-01
   7.6684871e-02  -5.9563517e-01
   7.6684871e-02  -4.8943892e-01
   7.6684871e-02  -3.9738299e-01
   7.6684871e-02  -3.1798910e-01
   7.6684871e-02  -2.4971633e-01
   7.6684871e-02  -1.9109464e-01
   7.6684871e-02  -1.4078692e-01
   7.6684871e-02  -9.7610500e-02
   7.6684871e-02  -6.0536956e-02
   7.6684871e-02  -2.8681276e-02
   7.6684871e-02  -1.2865438e-03
   7.6684871e-02   2.2292396e-02
   7.6684871e-02   4.2604578e-02
   7.6684871e-02   6.0117080e-02
   7.6684871e-02   7.5227449e-02
   7.6684871e-02   8.8274387e-02
   7.6684871e-02   9.9546835e-02
   7.6684871e-02   1.0929165e-01
   7.6684871e-02   1.1772003e-01
   7.6684871e-02   1.2501299e-01
   7.6684871e-02   1.3132584e-01
   7.6684871e-02   1.3679204e-01
   7.6684871e-02   1.4152644e-01
   7.6684871e-02   1.4562794e-01
   7.6684871e-02   1.4918184e-01
   7.6684871e-02   1.5226174e-01
   7.6684871e-02   1.5493120e-01
   7.6684871e-02   1.5724517e-01
   7.6684871e-02   1.5925115e-01
   7.6684871e-02   1.6099026e-01
   7.6684871e-02   1.6249809e-01
   7.6684871e-02   1.6380543e-01
   7.6684871e-02   1.6493898e-01
   7.6684871e-02   1.6592187e-01
   7.6684871e-02   1.6677412e-01
   7.6684871e-02   1.6751311e-01
   7.6684871e-02   1.6815389e-01
   7.6684871e-02   1.6870952e-01
   7.6684871e-02   1.6919129e-01
   7.6684871e-02   1.6960904e-01
  -8.4364894e-01   1.6997126e-01
  -8.4364894e-01   1.7028534e-01
  -8.4364894e-01   1.7055766e-01
  -8.4364894e-01   1.5501611e-01
  -8.4364894e-01   1.1408221e-01
  -8.4364894e-01   5.4283693e-02
  -8.4364894e-01  -1.9938917e-02
  -8.4364894e-01  -1.0515380e-01
  -8.4364894e-01  -1.9844798e-01
  -8.4364894e-01  -2.9722153e-01
  -8.4364894e-01  -3.9912073e-01
  -8.4364894e-01  -5.0203520e-01
  -8.4364894e-01  -6.0411767e-01
  -8.4364894e-01  -7.0380444e-01
  -8.4364894e-01  -7.9982580e-01
  -8.4364894e-01  -8.9120295e-01
  -8.4364894e-01  -9.7723199e-01
  -8.4364894e-01  -1.0574579e+00
  -8.4364894e-01  -1.1316418e+00
  -8.4364894e-01  -1.1997255e+00
  -8.4364894e-01  -1.2617959e+00
  -8.4364894e-01  -1.3180509e+00
  -8.4364894e-01  -1.3687696e+00
  -8.4364894e-01  -1.4142856e+00
  -8.4364894e-01  -1.4549660e+00
  -8.4364894e-01  -1.4911933e+00
  -8.4364894e-01  -1.5233523e+00
  -8.4364894e-01  -1.5518196e+00
  -8.4364894e-01  -1.5769566e+00
  -8.4364894e-01  -1.5991042e+00
  -8.4364894e-01  -1.6185804e+00
  -8.4364894e-01  -1.6356784e+00
  -8.4364894e-01  -1.6506661e+00
  -8.4364894e-01  -1.6637867e+00
  -8.4364894e-01  -1.6752594e+00
  -8.4364894e-01  -1.6852810e+00
  -8.4364894e-01  -1.6940271e+00
  -8.4364894e-01  -1.7016540e+00
  -8.4364894e-01  -1.7083003e+00
  -8.4364894e-01  -1.7140886e+00
  -8.4364894e-01  -1.7191268e+00
  -8.4364894e-01  -1.7235101e+00
  -8.4364894e-01  -1.7273219e+00
  -8.4364894e-01  -1.7306357e+00
  -8.4364894e-01  -1.7335154e+00
  -8.4364894e-01  -1.7360173e+00
  -8.4364894e-01  -1.7381904e+00
  -8.4364894e-01  -1.7400774e+00
  -8.4364894e-01  -1.7417157e+00
  -8.4364894e-01  -1.7431378e+00
  -7.8669446e-01  -1.7443721e+00
  -7.8669446e-01  -1.7454431e+00
  -7.8669446e-01  -1.7463725e+00
  -7.8669446e-01  -1.7466886e+00
  -7.8669446e-01  -1.7461511e+00
  -7.8669446e-01  -1.7450535e+00
  -7.8669446e-01  -1.7436107e+00
  -7.8669446e-01  -1.7419779e+00
  -7.8669446e-01  -1.7402653e+00
  -7.8669446e-01  -1.7385498e+00
  -7.8669446e-01  -1.7368831e+00
  -7.8669446e-01  -1.7352986e+00
  -7.8669446e-01  -1.7338165e+00
  -7.8669446e-01  -1.7324472e+00
  -7.8669446e-01  -1.7311945e+00
  -7.8669446e-01  -1.7300575e+00
  -7.8669446e-01  -1.7290321e+00
  -7.8669446e-01  -1.7281122e+00
  -7.8669446e-01  -1.7272907e+00
  -7.8669446e-01  -1.7265599e+00
  -7.8669446e-01  -1.7259117e+00
  -7.8669446e-01  -1.7253384e+00
  -7.8669446e-01  -1.7248326e+00
  -7.8669446e-01  -1.7243873e+00
  -7.8669446e-01  -1.7239959e+00
  -7.8669446e-01  -1.7236524e+00
  -7.8669446e-01  -1.7233513e+00
  -7.8669446e-01  -1.7230879e+00
  -7.8669446e-01  -1.7228575e+00
  -7.8669446e-01  -1.7226562e+00
  -7.8669446e-01  -1.7224806e+00
  -7.8669446e-01  -1.7223273e+00
  -7.8669446e-01  -1.7221938e+00
  -7.8669446e-01  -1.7220775e+00
  -7.8669446e-01  -1.7219762e+00
  -7.8669446e-01  -1.7218880e+00
  -7.8669446e-01  -1.7218114e+00
  -7.8669446e-01  -1.7217447e+00
  -7.8669446e-01  -1.7216867e+00
  -7.8669446e-01  -1.7216363e+00
  -7.8669446e-01  -1.7215926e+00
  -7.8669446e-01  -1.7215545e+00
  -7.8669446e-01  -1.7215215e+00
  -7.8669446e-01  -1.7214929e+00
  -7.8669446e-01  -1.7214680e+00
  -7.8669446e-01  -1.7214464e+00
  -7.8669446e-01  -1.7214276e+00
  -7.8669446e-01  -1.7214113e+00
  -7.8669446e-01  -1.7213972e+00
  -7.8669446e-01  -1.7213850e+00
  -9.9073155e-01  -1.7213743e+00
  -9.9073155e-01  -1.7213651e+00
  -9.9073155e-01  -1.7213571e+00
  -9.9073155e-01  -1.7226338e+00
  -9.9073155e-01  -1.7258687e+00
  -9.9073155e-01  -1.7303362e+00
  -9.9073155e-01  -1.7355102e+00
  -9.9073155e-01  -1.7410143e+00
  -9.9073155e-01  -1.7465835e+00
  -9.9073155e-01  -1.7520362e+00
  -9.9073155e-01  -1.7572522e+00
  -9.9073155e-01  -1.7621566e+00
  -9.9073155e-01  -1.7667076e+00
  -9.9073155e-01  -1.7708868e+00
  -9.9073155e-01  -1.7746927e+00
  -9.9073155e-01  -1.7781349e+00
  -9.9073155e-01  -1.7812304e+00
  -9.9073155e-01  -1.7840010e+00
  -9.9073155e-01  -1.7864707e+00
  -9.9073155e-01  -1.7886646e+00
  -9.9073155e-01  -1.7906077e+00
  -9.9073155e-01  -1.7923244e+00
  -9.9073155e-01  -1.7938377e+00
  -9.9073155e-01  -1.7951690e+00
  -9.9073155e-01  -1.7963384e+00
  -9.9073155e-01  -1.7973640e+00
  -9.9073155e-01  -1.7982622e+00
  -9.9073155e-01  -1.7990481e+00
  -9.9073155e-01  -1.7997350e+00
  -9.9073155e-01  -1.8003348e+00
  -9.9073155e-01  -1.8008581e+00
  -9.9073155e-01  -1.8013144e+00
  -9.9073155e-01  -1.8017121e+00
  -9.9073155e-01  -1.8020584e+00
  -9.9073155e-01  -1.8023598e+00
  -9.9073155e-01  -1.8026221e+00
  -9.9073155e-01  -1.8028502e+00
  -9.9073155e-01  -1.8030486e+00
  -9.9073155e-01  -1.8032210e+00
  -9.9073155e-01  -1.8033708e+00
  -9.9073155e-01  -1.8035009e+00
  -9.9073155e-01  -1.8036139e+00
  -9.9073155e-01  -1.8037121e+00
  -9.9073155e-01  -1.8037973e+00
  -9.9073155e-01  -1.8038713e+00
  -9.9073155e-01  -1.8039355e+00
  -9.9073155e-01  -1.8039912e+00
  -9.9073155e-01  -1.8040396e+00
  -9.9073155e-01  -1.8040815e+00
  -9.9073155e-01  -1.8041179e+00
   6.3460644e-01  -1.8041495e+00
   6.3460644e-01  -1.8041769e+00
   6.3460644e-01  -1.8042006e+00
   6.3460644e-01  -1.7183415e+00
   6.3460644e-01  -1.5131978e+00
   6.3460644e-01  -1.2556094e+00
   6.3460644e-01  -9.9060329e-01
   6.3460644e-01  -7.4326880e-01
   6.3460644e-01  -5.2470200e-01
   6.3460644e-01  -3.3764638e-01
   6.3460644e-01  -1.8051980e-01
   6.3460644e-01  -4.9885807e-02
   6.3460644e-01   5.8189874e-02
   6.3460644e-01   1.4747470e-01
   6.3460644e-01   2.2129460e-01
   6.3460644e-01   2.8246159e-01
   6.3460644e-01   3.3329633e-01
   6.3460644e-01   3.7568855e-01
   6.3460644e-01   4.1116676e-01
   6.3460644e-01   4.4096414e-01
   6.3460644e-01   4.6607597e-01
   6.3460644e-01   4.8730716e-01
   6.3460644e-01   5.0531087e-01
   6.3460644e-01   5.2061924e-01
   6.3460644e-01   5.3366781e-01
   6.3460644e-01   5.4481467e-01
   6.3460644e-01   5.5435567e-01
   6.3460644e-01   5.6253634e-01
   6.3460644e-01   5.6956136e-01
   6.3460644e-01   5.7560208e-01
   6.3460644e-01   5.8080249e-01
   6.3460644e-01   5.8528406e-01
   6.3460644e-01   5.8914956e-01
   6.3460644e-01   5.9248624e-01
   6.3460644e-01   5.9536834e-01
   6.3460644e-01   5.9785920e-01
   6.3460644e-01   6.0001299e-01
   6.3460644e-01   6.0187609e-01
   6.3460644e-01   6.0348831e-01
   6.3460644e-01   6.0488386e-01
   6.3460644e-01   6.0609216e-01
   6.3460644e-01   6.0713858e-01
   6.3460644e-01   6.0804496e-01
   6.3460644e-01   6.0883017e-01
   6.3460644e-01   6.0951049e-01
   6.3460644e-01   6.1010000e-01
   6.3460644e-01   6.1061087e-01
   6.3460644e-01   6.1105363e-01
   6.3460644e-01   6.1143737e-01
   6.3460644e-01   6.1176998e-01
  -8.3112831e-01   6.1205829e-01
  -8.3112831e-01   6.1230820e-01
  -8.3112831e-01   6.1252484e-01
  -8.3112831e-01   6.0060839e-01
  -8.3112831e-01   5.6854391e-01
  -8.3112831e-01   5.1999307e-01
  -8.3112831e-01   4.5697694e-01
  -8.3112831e-01   3.8096827e-01
  -8.3112831e-01   2.9339573e-01
  -8.3112831e-01   1.9586032e-01
  -8.3112831e-01   9.0191409e-02
  -8.3112831e-01  -2.1591197e-02
  -8.3112831e-01  -1.3736586e-01
  -8.3112831e-01  -2.5501718e-01
  -8.3112831e-01  -3.7254062e-01
  -8.3112831e-01  -4.8812914e-01
  -8.3112831e-01  -6.0023392e-01
  -8.3112831e-01  -7.0759779e-01
  -8.3112831e-01  -8.0926359e-01
  -8.3112831e-01  -9.0456233e-01
  -8.3112831e-01  -9.9308707e-01
  -8.3112831e-01  -1.0746579e+00
  -8.3112831e-01  -1.1492833e+00
  -8.3112831e-01  -1.2171206e+00
  -8.3112831e-01  -1.2784400e+00
  -8.3112831e-01  -1.3335914e+00
  -8.3112831e-01  -1.3829764e+00
  -8.3112831e-01  -1.4270260e+00
  -8.3112831e-01  -1.4661817e+00
  -8.3112831e-01  -1.5008819e+00
  -8.3112831e-01  -1.5315517e+00
  -8.3112831e-01  -1.5585956e+00
  -8.3112831e-01  -1.5823932e+00
  -8.3112831e-01  -1.6032962e+00
  -8.3112831e-01  -1.6216274e+00
  -8.3112831e-01  -1.6376807e+00
  -8.3112831e-01  -1.6517219e+00
  -8.3112831e-01  -1.6639899e+00
  -8.3112831e-01  -1.6746985e+00
  -8.3112831e-01  -1.6840380e+00
  -8.3112831e-01  -1.6921777e+00
  -8.3112831e-01  -1.6992670e+00
  -8.3112831e-01  -1.7054380e+00
  -8.3112831e-01  -1.7108070e+00
  -8.3112831e-01  -1.7154762e+00
  -8.3112831e-01  -1.7195353e+00
  -8.3112831e-01  -1.7230628e+00
  -8.3112831e-01  -1.7261274e+00
  -8.3112831e-01  -1.7287891e+00
  -8.3112831e-01  -1.7311005e+00
  -4.8025919e-01  -1.7331071e+00
  -4.8025919e-01  -1.7348489e+00
  -4.8025919e-01  -1.7363607e+00
  -4.8025919e-01  -1.7310291e+00
  -4.8025919e-01  -1.7154684e+00
  -4.8025919e-01  -1.6935978e+00
  -4.8025919e-01  -1.6682619e+00
  -4.8025919e-01  -1.6414668e+00
  -4.8025919e-01  -1.6145839e+00
  -4.8025919e-01  -1.5885156e+00
  -4.8025919e-01  -1.5638253e+00
  -4.8025919e-01  -1.5408354e+00
  -4.8025919e-01  -1.5197005e+00
  -4.8025919e-01  -1.5004607e+00
  -4.8025919e-01  -1.4830809e+00
  -4.8025919e-01  -1.4674778e+00
  -4.8025919e-01  -1.4535396e+00
  -4.8025919e-01  -1.4411396e+00
  -4.8025919e-01  -1.4301459e+00
  -4.8025919e-01  -1.4204266e+00
  -4.8025919e-01  -1.4118549e+00
  -4.8025919e-01  -1.4043108e+00
  -4.8025919e-01  -1.3976829e+00
  -4.8025919e-01  -1.3918688e+00
  -4.8025919e-01  -1.3867754e+00
  -4.8025919e-01  -1.3823185e+00
  -4.8025919e-01  -1.3784225e+00
  -4.8025919e-01  -1.3750199e+00
  -4.8025919e-01  -1.3720505e+00
  -4.8025919e-01  -1.3694610e+00
  -4.8025919e-01  -1.3672042e+00
  -4.8025919e-01  -1.3652384e+00
  -4.8025919e-01  -1.3635269e+00
  -4.8025919e-01  -1.3620375e+00
  -4.8025919e-01  -1.3607419e+00
  -4.8025919e-01  -1.3596152e+00
  -4.8025919e-01  -1.3586358e+00
  -4.8025919e-01  -1.3577846e+00
  -4.8025919e-01  -1.3570450e+00
  -4.8025919e-01  -1.3564026e+00
  -4.8025919e-01  -1.3558446e+00
  -4.8025919e-01  -1.3553601e+00
  -4.8025919e-01  -1.3549395e+00
  -4.8025919e-01  -1.3545744e+00
  -4.8025919e-01  -1.3542575e+00
  -4.8025919e-01  -1.3539825e+00
  -4.8025919e-01  -1.3537438e+00
  -4.8025919e-01  -1.3535368e+00
  -4.8025919e-01  -1.3533572e+00
  -4.8025919e-01  -1.3532013e+00
  -1.3717235e-01  -1.3530661e+00
  -1.3717235e-01  -1.3529489e+00
  -1.3717235e-01  -1.3528472e+00
  -1.3717235e-01  -1.3334677e+00
  -1.3717235e-01  -1.2854231e+00
  -1.3717235e-01  -1.2208674e+00
  -1.3717235e-01  -1.1485412e+00
  -1.3717235e-01  -1.0743489e+00
  -1.3717235e-01  -1.0020423e+00
  -1.3717235e-01  -9.3383479e-01
  -1.3717235e-01  -8.7088989e-01
  -1.3717235e-01  -8.1368221e-01
  -1.3717235e-01  -7.6225266e-01
  -1.3717235e-01  -7.1638265e-01
  -1.3717235e-01  -6.7570961e-01
  -1.3717235e-01  -6.3980175e-01
  -1.3717235e-01  -6.0820509e-01
  -1.3717235e-01  -5.8047186e-01
  -1.3717235e-01  -5.5617688e-01
  -1.3717235e-01  -5.3492618e-01
  -1.3717235e-01  -5.1636058e-01
  -1.3717235e-01  -5.0015643e-01
  -1.3717235e-01  -4.8602443e-01
  -1.3717235e-01  -4.7370759e-01
  -1.3717235e-01  -4.6297857e-01
  -1.3717235e-01  -4.5363699e-01
  -1.3717235e-01  -4.4550669e-01
  -1.3717235e-01  -4.3843305e-01
  -1.3717235e-01  -4.3228065e-01
  -1.3717235e-01  -4.2693099e-01
  -1.3717235e-01  -4.2228047e-01
  -1.3717235e-01  -4.1823865e-01
  -1.3717235e-01  -4.1472657e-01
  -1.3717235e-01  -4.1167538e-01
  -1.3717235e-01  -4.0902505e-01
  -1.3717235e-01  -4.0672330e-01
  -1.3717235e-01  -4.0472457e-01
  -1.3717235e-01  -4.0298920e-01
  -1.3717235e-01  -4.0148269e-01
  -1.3717235e-01  -4.0017500e-01
  -1.3717235e-01  -3.9904003e-01
  -1.3717235e-01  -3.9805505e-01
  -1.3717235e-01  -3.9720032e-01
  -1.3717235e-01  -3.9645869e-01
  -1.3717235e-01  -3.9581523e-01
  -1.3717235e-01  -3.9525700e-01
  -1.3717235e-01  -3.9477273e-01
  -1.3717235e-01  -3.9435266e-01
  -1.3717235e-01  -3.9398829e-01
  -1.3717235e-01  -3.9367225e-01
  -6.3630594e-01  -3.9339815e-01
  -6.3630594e-01  -3.9316043e-01
  -6.3630594e-01  -3.9295427e-01
  -6.3630594e-01  -4.0643173e-01
  -6.3630594e-01  -4.4132278e-01
  -6.3630594e-01  -4.9091302e-01
  -6.3630594e-01  -5.5040082e-01
  -6.3630594e-01  -6.1617559e-01
  -6.3630594e-01  -6.8543721e-01
  -6.3630594e-01  -7.5598645e-01
  -6.3630594e-01  -8.2610131e-01
  -6.3630594e-01  -8.9445587e-01
  -6.3630594e-01  -9.6005964e-01
  -6.3630594e-01  -1.0222068e+00
  -6.3630594e-01  -1.0804308e+00
  -6.3630594e-01  -1.1344625e+00
  -6.3630594e-01  -1.1841922e+00
  -6.3630594e-01  -1.2296350e+00
  -6.3630594e-01  -1.2709006e+00
  -6.3630594e-01  -1.3081674e+00
  -6.3630594e-01  -1.3416608e+00
  -6.3630594e-01  -1.3716351e+00
  -6.3630594e-01  -1.3983601e+00
  -6.3630594e-01  -1.4221096e+00
  -6.3630594e-01  -1.4431539e+00
  -6.3630594e-01  -1.4617533e+00
  -6.3630594e-01  -1.4781551e+00
  -6.3630594e-01  -1.4925900e+00
  -6.3630594e-01  -1.5052718e+00
  -6.3630594e-01  -1.5163961e+00
  -6.3630594e-01  -1.5261409e+00
  -6.3630594e-01  -1.5346669e+00
  -6.3630594e-01  -1.5421188e+00
  -6.3630594e-01  -1.5486256e+00
  -6.3630594e-01  -1.5543026e+00
  -6.3630594e-01  -1.5592519e+00
  -6.3630594e-01  -1.5635640e+00
  -6.3630594e-01  -1.5673188e+00
  -6.3630594e-01  -1.5705867e+00
  -6.3630594e-01  -1.5734295e+00
  -6.3630594e-01  -1.5759016e+00
  -6.3630594e-01  -1.5780505e+00
  -6.3630594e-01  -1.5799180e+00
  -6.3630594e-01  -1.5815404e+00
  -6.3630594e-01  -1.5829495e+00
  -6.3630594e-01  -1.5841731e+00
  -6.3630594e-01  -1.5852355e+00
  -6.3630594e-01  -1.5861577e+00
  -6.3630594e-01  -1.5869582e+00
  -6.3630594e-01  -1.5876528e+00
  -7.0892204e-01  -1.5882555e+00
  -7.0892204e-01  -1.5887784e+00
  -7.0892204e-01  -1.5892321e+00
  -7.0892204e-01  -1.5907426e+00
  -7.0892204e-01  -1.5939045e+00
  -7.0892204e-01  -1.5980933e+00
  -7.0892204e-01  -1.6028573e+00
  -7.0892204e-01  -1.6078737e+00
  -7.0892204e-01  -1.6129165e+00
  -7.0892204e-01  -1.6178316e+00
  -7.0892204e-01  -1.6225177e+00
  -7.0892204e-01  -1.6269128e+00
  -7.0892204e-01  -1.6309830e+00
  -7.0892204e-01  -1.6347148e+00
  -7.0892204e-01  -1.6381088e+00
  -7.0892204e-01  -1.6411751e+00
  -7.0892204e-01  -1.6439301e+00
  -7.0892204e-01  -1.6463940e+00
  -7.0892204e-01  -1.6485889e+00
  -7.0892204e-01  -1.6505375e+00
  -7.0892204e-01  -1.6522627e+00
  -7.0892204e-01  -1.6537861e+00
  -7.0892204e-01  -1.6551285e+00
  -7.0892204e-01  -1.6563091e+00
  -7.0892204e-01  -1.6573458e+00
  -7.0892204e-01  -1.6582548e+00
  -7.0892204e-01  -1.6590508e+00
  -7.0892204e-01  -1.6597471e+00
  -7.0892204e-01  -1.6603556e+00
  -7.0892204e-01  -1.6608868e+00
  -7.0892204e-01  -1.6613503e+00
  -7.0892204e-01  -1.6617543e+00
  -7.0892204e-01  -1.6621064e+00
  -7.0892204e-01  -1.6624129e+00
  -7.0892204e-01  -1.6626798e+00
  -7.0892204e-01  -1.6629120e+00
  -7.0892204e-01  -1.6631139e+00
  -7.0892204e-01  -1.6632894e+00
  -7.0892204e-01  -1.6634420e+00
  -7.0892204e-01  -1.6635746e+00
  -7.0892204e-01  -1.6636897e+00
  -7.0892204e-01  -1.6637897e+00
  -7.0892204e-01  -1.6638766e+00
  -7.0892204e-01  -1.6639520e+00
  -7.0892204e-01  -1.6640175e+00
  -7.0892204e-01  -1.6640743e+00
  -7.0892204e-01  -1.6641236e+00
  -7.0892204e-01  -1.6641663e+00
  -7.0892204e-01  -1.6642035e+00
  -7.0892204e-01  -1.6642357e+00
   7.3858442e-01  -1.6642636e+00
   7.3858442e-01  -1.6642878e+00
   7.3858442e-01  -1.6643088e+00
   7.3858442e-01  -1.5832990e+00
   7.3858442e-01  -1.3896692e+00
   7.3858442e-01  -1.1463794e+00
   7.3858442e-01  -8.9587834e-01
   7.3858442e-01  -6.6186933e-01
   7.3858442e-01  -4.5488349e-01
   7.3858442e-01  -2.7757345e-01
   7.3858442e-01  -1.2849846e-01
   7.3858442e-01  -4.4523597e-03
   7.3858442e-01   9.8255032e-02
   7.3858442e-01   1.8316742e-01
   7.3858442e-01   2.5341945e-01
   7.3858442e-01   3.1166559e-01
   7.3858442e-01   3.6009944e-01
   7.3858442e-01   4.0050939e-01
   7.3858442e-01   4.3434346e-01
   7.3858442e-01   4.6277108e-01
   7.3858442e-01   4.8673681e-01
   7.3858442e-01   5.0700521e-01
   7.3858442e-01   5.2419713e-01
   7.3858442e-01   5.3881872e-01
   7.3858442e-01   5.5128448e-01
   7.3858442e-01   5.6193542e-01
   7.3858442e-01   5.7105341e-01
   7.3858442e-01   5.7887247e-01
   7.3858442e-01   5.8558779e-01
   7.3858442e-01   5.9136282e-01
   7.3858442e-01   5.9633497e-01
   7.3858442e-01   6.0062017e-01
   7.3858442e-01   6.0431656e-01
   7.3858442e-01   6.0750747e-01
   7.3858442e-01   6.1026380e-01
   7.3858442e-01   6.1264608e-01
   7.3858442e-01   6.1470606e-01
   7.3858442e-01   6.1648808e-01
   7.3858442e-01   6.1803019e-01
   7.3858442e-01   6.1936508e-01
   7.3858442e-01   6.2052090e-01
   7.3858442e-01   6.2152187e-01
   7.3858442e-01   6.2238891e-01
   7.3858442e-01   6.2314005e-01
   7.3858442e-01   6.2379086e-01
   7.3858442e-01   6.2435480e-01
   7.3858442e-01   6.2484352e-01
   7.3858442e-01   6.2526708e-01
   7.3858442e-01   6.2563419e-01
   7.3858442e-01   6.2595239e-01
   9.9720404e-02   6.2622821e-01
   9.9720404e-02   6.2646729e-01
   9.9720404e-02   6.2667455e-01
   9.9720404e-02   6.2246925e-01
   9.9720404e-02   6.1133831e-01
   9.9720404e-02   5.9537295e-01
   9.9720404e-02   5.7605752e-01
   9.9720404e-02   5.5451617e-01
   9.9720404e-02   5.3163704e-01
   9.9720404e-02   5.0813607e-01
   9.9720404e-02   4.8459129e-01
   9.9720404e-02   4.6146321e-01
   9.9720404e-02   4.3910913e-01
   9.9720404e-02   4.1779536e-01
   9.9720404e-02   3.9770885e-01
   9.9720404e-02   3.7896872e-01
   9.9720404e-02   3.6163748e-01
   9.9720404e-02   3.4573185e-01
   9.9720404e-02   3.3123263e-01
   9.9720404e-02   3.1809358e-01
   9.9720404e-02   3.0624910e-01
   9.9720404e-02   2.9562064e-01
   9.9720404e-02   2.8612193e-01
   9.9720404e-02   2.7766319e-01
   9.9720404e-02   2.7015426e-01
   9.9720404e-02   2.6350701e-01
   9.9720404e-02   2.5763697e-01
   9.9720404e-02   2.5246446e-01
   9.9720404e-02   2.4791528e-01
   9.9720404e-02   2.4392105e-01
   9.9720404e-02   2.4041927e-01
   9.9720404e-02   2.3735323e-01
   9.9720404e-02   2.3467183e-01
   9.9720404e-02   2.3232919e-01
   9.9720404e-02   2.3028436e-01
   9.9720404e-02   2.2850090e-01
   9.9720404e-02   2.2694649e-01
   9.9720404e-02   2.2559255e-01
   9.9720404e-02   2.2441387e-01
   9.9720404e-02   2.2338826e-01
   9.9720404e-02   2.2249622e-01
   9.9720404e-02   2.2172065e-01
   9.9720404e-02   2.2104657e-01
   9.9720404e-02   2.2046087e-01
   9.9720404e-02   2.1995209e-01
   9.9720404e-02   2.1951024e-01
   9.9720404e-02   2.1912659e-01
   9.9720404e-02   2.1879353e-01
   9.9720404e-02   2.1850444e-01
   9.9720404e-02   2.1825355e-01
   7.0606224e-01   2.1803584e-01
   7.0606224e-01   2.1784694e-01
   7.0606224e-01   2.1768306e-01
   7.0606224e-01   2.2650946e-01
   7.0606224e-01   2.4856376e-01
   7.0606224e-01   2.7798784e-01
   7.0606224e-01   3.1059028e-01
   7.0606224e-01   3.4360510e-01
   7.0606224e-01   3.7534538e-01
   7.0606224e-01   4.0487976e-01
   7.0606224e-01   4.3177583e-01
   7.0606224e-01   4.5591390e-01
   7.0606224e-01   4.7735950e-01
   7.0606224e-01   4.9627966e-01
   7.0606224e-01   5.1288998e-01
   7.0606224e-01   5.2742239e-01
   7.0606224e-01   5.4010628e-01
   7.0606224e-01   5.5115828e-01
   7.0606224e-01   5.6077718e-01
   7.0606224e-01   5.6914215e-01
   7.0606224e-01   5.7641271e-01
   7.0606224e-01   5.8272971e-01
   7.0606224e-01   5.8821686e-01
   7.0606224e-01   5.9298239e-01
   7.0606224e-01   5.9712071e-01
   7.0606224e-01   6.0071409e-01
   7.0606224e-01   6.0383409e-01
   7.0606224e-01   6.0654293e-01
   7.0606224e-01   6.0889470e-01
   7.0606224e-01   6.1093636e-01
   7.0606224e-01   6.1270873e-01
   7.0606224e-01   6.1424726e-01
   7.0606224e-01   6.1558273e-01
   7.0606224e-01   6.1674187e-01
   7.0606224e-01   6.1774793e-01
   7.0606224e-01   6.1862105e-01
   7.0606224e-01   6.1937878e-01
   7.0606224e-01   6.2003631e-01
   7.0606224e-01   6.2060687e-01
   7.0606224e-01   6.2110193e-01
   7.0606224e-01   6.2153146e-01
   7.0606224e-01   6.2190411e-01
   7.0606224e-01   6.2222740e-01
   7.0606224e-01   6.2250785e-01
   7.0606224e-01   6.2275112e-01
   7.0606224e-01   6.2296214e-01
   7.0606224e-01   6.2314517e-01
   7.0606224e-01   6.2330392e-01
   7.0606224e-01   6.2344160e-01
   7.0606224e-01   6.2356101e-01
  -2.9809524e-01   6.2366456e-01
  -2.9809524e-01   6.2375437e-01
  -2.9809524e-01   6.2383224e-01
  -2.9809524e-01   6.1422659e-01
  -2.9809524e-01   5.8876595e-01
  -2.9809524e-01   5.5086727e-01
  -2.9809524e-01   5.0267387e-01
  -2.9809524e-01   4.4583095e-01
  -2.9809524e-01   3.8183370e-01
  -2.9809524e-01   3.1216741e-01
  -2.9809524e-01   2.3833920e-01
  -2.9809524e-01   1.6185371e-01
  -2.9809524e-01   8.4164328e-02
  -2.9809524e-01   6.6198731e-03
  -2.9809524e-01  -6.9581100e-02
  -2.9809524e-01  -1.4342225e-01
  -2.9809524e-01  -2.1408569e-01
  -2.9809524e-01  -2.8095368e-01
  -2.9809524e-01  -3.4359839e-01
  -2.9809524e-01  -4.0176332e-01
  -2.9809524e-01  -4.5533958e-01
  -2.9809524e-01  -5.0434017e-01
  -2.9809524e-01  -5.4887435e-01
  -2.9809524e-01  -5.8912371e-01
  -2.9809524e-01  -6.2532100e-01
  -2.9809524e-01  -6.5773207e-01
  -2.9809524e-01  -6.8664103e-01
  -2.9809524e-01  -7.1233848e-01
  -2.9809524e-01  -7.3511261e-01
  -2.9809524e-01  -7.5524253e-01
  -2.9809524e-01  -7.7299378e-01
  -2.9809524e-01  -7.8861530e-01
  -2.9809524e-01  -8.0233776e-01
  -2.9809524e-01  -8.1437288e-01
  -2.9809524e-01  -8.2491336e-01
  -2.9809524e-01  -8.3413348e-01
  -2.9809524e-01  -8.4218992e-01
  -2.9809524e-01  -8.4922285e-01
  -2.9809524e-01  -8.5535718e-01
  -2.9809524e-01  -8.6070378e-01
  -2.9809524e-01  -8.6536081e-01
  -2.9809524e-01  -8.6941489e-01
  -2.9809524e-01  -8.7294233e-01
  -2.9809524e-01  -8.7601019e-01
  -2.9809524e-01  -8.7867731e-01
  -2.9809524e-01  -8.8099527e-01
  -2.9809524e-01  -8.8300916e-01
  -2.9809524e-01  -8.8475840e-01
  -2.9809524e-01  -8.8627744e-01
  -2.9809524e-01  -8.8759629e-01
  -1.9638393e-01  -8.8874113e-01
  -1.9638393e-01  -8.8973475e-01
  -1.9638393e-01  -8.9059703e-01
  -1.9638393e-01  -8.8592936e-01
  -1.9638393e-01  -8.7297706e-01
  -1.9638393e-01  -8.5494819e-01
  -1.9638393e-01  -8.3416940e-01
  -1.9638393e-01  -8.1227543e-01
  -1.9638393e-01  -7.9037718e-01
  -1.9638393e-01  -7.6919959e-01
  -1.9638393e-01  -7.4918960e-01
  -1.9638393e-01  -7.3059790e-01
  -1.9638393e-01  -7.1353952e-01
  -1.9638393e-01  -6.9803797e-01
  -1.9638393e-01  -6.8405693e-01
  -1.9638393e-01  -6.7152272e-01
  -1.9638393e-01  -6.6033999e-01
  -1.9638393e-01  -6.5040253e-01
  -1.9638393e-01  -6.4160066e-01
  -1.9638393e-01  -6.3382601e-01
  -1.9638393e-01  -6.2697460e-01
  -1.9638393e-01  -6.2094869e-01
  -1.9638393e-01  -6.1565777e-01
  -1.9638393e-01  -6.1101895e-01
  -1.9638393e-01  -6.0695701e-01
  -1.9638393e-01  -6.0340412e-01
  -1.9638393e-01  -6.0029948e-01
  -1.9638393e-01  -5.9758885e-01
  -1.9638393e-01  -5.9522399e-01
  -1.9638393e-01  -5.9316216e-01
  -1.9638393e-01  -5.9136559e-01
  -1.9638393e-01  -5.8980098e-01
  -1.9638393e-01  -5.8843901e-01
  -1.9638393e-01  -5.8725394e-01
  -1.9638393e-01  -5.8622316e-01
  -1.9638393e-01  -5.8532690e-01
  -1.9638393e-01  -5.8454784e-01
  -1.9638393e-01  -5.8387083e-01
  -1.9638393e-01  -5.8328264e-01
  -1.9638393e-01  -5.8277173e-01
  -1.9638393e-01  -5.8232805e-01
  -1.9638393e-01  -5.8194280e-01
  -1.9638393e-01  -5.8160835e-01
  -1.9638393e-01  -5.8131804e-01
  -1.9638393e-01  -5.8106608e-01
  -1.9638393e-01  -5.8084743e-01
  -1.9638393e-01  -5.8065770e-01
  -1.9638393e-01  -5.8049308e-01
  -1.9638393e-01  -5.8035027e-01
  -1.9638393e-01  -5.8022638e-01
  -5.2016769e-01  -5.8011891e-01
  -5.2016769e-01  -5.8002569e-01
  -5.2016769e-01  -5.7994485e-01
  -5.2016769e-01  -5.9054893e-01
  -5.2016769e-01  -6.1773830e-01
  -5.2016769e-01  -6.5600325e-01
  -5.2016769e-01  -7.0137433e-01
  -5.2016769e-01  -7.5090871e-01
  -5.2016769e-01  -8.0239324e-01
  -5.2016769e-01  -8.5416184e-01
  -5.2016769e-01  -9.0497459e-01
  -5.2016769e-01  -9.5393117e-01
  -5.2016769e-01  -1.0004042e+00
  -5.2016769e-01  -1.0439851e+00
  -5.2016769e-01  -1.0844392e+00
  -5.2016769e-01  -1.1216673e+00
  -5.2016769e-01  -1.1556736e+00
  -5.2016769e-01  -1.1865390e+00
  -5.2016769e-01  -1.2143986e+00
  -5.2016769e-01  -1.2394238e+00
  -5.2016769e-01  -1.2618083e+00
  -5.2016769e-01  -1.2817569e+00
  -5.2016769e-01  -1.2994771e+00
  -5.2016769e-01  -1.3151731e+00
  -5.2016769e-01  -1.3290413e+00
  -5.2016769e-01  -1.3412677e+00
  -5.2016769e-01  -1.3520255e+00
  -5.2016769e-01  -1.3614751e+00
  -5.2016769e-01  -1.3697631e+00
  -5.2016769e-01  -1.3770224e+00
  -5.2016769e-01  -1.3833734e+00
  -5.2016769e-01  -1.3889238e+00
  -5.2016769e-01  -1.3937702e+00
  -5.2016769e-01  -1.3979984e+00
  -5.2016769e-01  -1.4016846e+00
  -5.2016769e-01  -1.4048962e+00
  -5.2016769e-01  -1.4076928e+00
  -5.2016769e-01  -1.4101268e+00
  -5.2016769e-01  -1.4122442e+00
  -5.2016769e-01  -1.4140856e+00
  -5.2016769e-01  -1.4156863e+00
  -5.2016769e-01  -1.4170773e+00
  -5.2016769e-01  -1.4182859e+00
  -5.2016769e-01  -1.4193356e+00
  -5.2016769e-01  -1.4202472e+00
  -5.2016769e-01  -1.4210386e+00
  -5.2016769e-01  -1.4217257e+00
  -5.2016769e-01  -1.4223221e+00
  -5.2016769e-01  -1.4228396e+00
  -5.2016769e-01  -1.4232887e+00
  -6.3218442e-01  -1.4236783e+00
  -6.3218442e-01  -1.4240163e+00
  -6.3218442e-01  -1.4243096e+00
  -6.3218442e-01  -1.4270118e+00
  -6.3218442e-01  -1.4334201e+00
  -6.3218442e-01  -1.4421653e+00
  -6.3218442e-01  -1.4522562e+00
  -6.3218442e-01  -1.4629810e+00
  -6.3218442e-01  -1.4738365e+00
  -6.3218442e-01  -1.4844749e+00
  -6.3218442e-01  -1.4946641e+00
  -6.3218442e-01  -1.5042579e+00
  -6.3218442e-01  -1.5131728e+00
  -6.3218442e-01  -1.5213707e+00
  -6.3218442e-01  -1.5288458e+00
  -6.3218442e-01  -1.5356146e+00
  -6.3218442e-01  -1.5417085e+00
  -6.3218442e-01  -1.5471680e+00
  -6.3218442e-01  -1.5520391e+00
  -6.3218442e-01  -1.5563697e+00
  -6.3218442e-01  -1.5602082e+00
  -6.3218442e-01  -1.5636014e+00
  -6.3218442e-01  -1.5665943e+00
  -6.3218442e-01  -1.5692287e+00
  -6.3218442e-01  -1.5715436e+00
  -6.3218442e-01  -1.5735745e+00
  -6.3218442e-01  -1.5753540e+00
  -6.3218442e-01  -1.5769114e+00
  -6.3218442e-01  -1.5782728e+00
  -6.3218442e-01  -1.5794619e+00
  -6.3218442e-01  -1.5804997e+00
  -6.3218442e-01  -1.5814047e+00
  -6.3218442e-01  -1.5821934e+00
  -6.3218442e-01  -1.5828804e+00
  -6.3218442e-01  -1.5834785e+00
  -6.3218442e-01  -1.5839989e+00
  -6.3218442e-01  -1.5844516e+00
  -6.3218442e-01  -1.5848452e+00
  -6.3218442e-01  -1.5851874e+00
  -6.3218442e-01  -1.5854847e+00
  -6.3218442e-01  -1.5857430e+00
  -6.3218442e-01  -1.5859674e+00
  -6.3218442e-01  -1.5861622e+00
  -6.3218442e-01  -1.5863314e+00
  -6.3218442e-01  -1.5864782e+00
  -6.3218442e-01  -1.5866057e+00
  -6.3218442e-01  -1.5867163e+00
  -6.3218442e-01  -1.5868123e+00
  -6.3218442e-01  -1.5868956e+00
  -6.3218442e-01  -1.5869678e+00
  -1.6546586e-01  -1.5870305e+00
  -1.6546586e-01  -1.5870849e+00
  -1.6546586e-01  -1.5871320e+00
  -1.6546586e-01  -1.5646250e+00
  -1.6546586e-01  -1.5086425e+00
  -1.6546586e-01  -1.4334738e+00
  -1.6546586e-01  -1.3493890e+00
  -1.6546586e-01  -1.2633014e+00
  -1.6546586e-01  -1.1795763e+00
  -1.6546586e-01  -1.1007640e+00
  -1.6546586e-01  -1.0281823e+00
  -1.6546586e-01  -9.6234552e-01
  -1.6546586e-01  -9.0326725e-01
  -1.6546586e-01  -8.5066488e-01
  -1.6546586e-01  -8.0409479e-01
  -1.6546586e-01  -7.6303886e-01
  -1.6546586e-01  -7.2695825e-01
  -1.6546586e-01  -6.9532553e-01
  -1.6546586e-01  -6.6764280e-01
  -1.6546586e-01  -6.4345084e-01
  -1.6546586e-01  -6.2233265e-01
  -1.6546586e-01  -6.0391371e-01
  -1.6546586e-01  -5.8786025e-01
  -1.6546586e-01  -5.7387648e-01
  -1.6546586e-01  -5.6170134e-01
  -1.6546586e-01  -5.5110519e-01
  -1.6546586e-01  -5.4188642e-01
  -1.6546586e-01  -5.3386841e-01
  -1.6546586e-01  -5.2689662e-01
  -1.6546586e-01  -5.2083599e-01
  -1.6546586e-01  -5.1556857e-01
  -1.6546586e-01  -5.1099146e-01
  -1.6546586e-01  -5.0701491e-01
  -1.6546586e-01  -5.0356070e-01
  -1.6546586e-01  -5.0056068e-01
  -1.6546586e-01  -4.9795551e-01
  -1.6546586e-01  -4.9569352e-01
  -1.6546586e-01  -4.9372974e-01
  -1.6546586e-01  -4.9202507e-01
  -1.6546586e-01  -4.9054546e-01
  -1.6546586e-01  -4.8926134e-01
  -1.6546586e-01  -4.8814698e-01
  -1.6546586e-01  -4.8718003e-01
  -1.6546586e-01  -4.8634104e-01
  -1.6546586e-01  -4.8561314e-01
  -1.6546586e-01  -4.8498166e-01
  -1.6546586e-01  -4.8443387e-01
  -1.6546586e-01  -4.8395871e-01
  -1.6546586e-01  -4.8354656e-01
  -1.6546586e-01  -4.8318908e-01
   8.0543222e-01  -4.8287905e-01
   8.0543222e-01  -4.8261016e-01
   8.0543222e-01  -4.8237698e-01
   8.0543222e-01  -4.5003060e-01
   8.0543222e-01  -3.7183540e-01
   8.0543222e-01  -2.7101513e-01
   8.0543222e-01  -1.6371892e-01
   8.0543222e-01  -5.9730732e-02
   8.0543222e-01   3.5830224e-02
   8.0543222e-01   1.2086191e-01
   8.0543222e-01   1.9502990e-01
   8.0543222e-01   2.5893274e-01
   8.0543222e-01   3.1359043e-01
   8.0543222e-01   3.6015255e-01
   8.0543222e-01   3.9974441e-01
   8.0543222e-01   4.3339467e-01
   8.0543222e-01   4.6200854e-01
   8.0543222e-01   4.8636507e-01
   8.0543222e-01   5.0712590e-01
   8.0543222e-01   5.2484874e-01
   8.0543222e-01   5.4000185e-01
   8.0543222e-01   5.5297779e-01
   8.0543222e-01   5.6410569e-01
   8.0543222e-01   5.7366181e-01
   8.0543222e-01   5.8187846e-01
   8.0543222e-01   5.8895140e-01
   8.0543222e-01   5.9504601e-01
   8.0543222e-01   6.0030234e-01
   8.0543222e-01   6.0483928e-01
   8.0543222e-01   6.0875801e-01
   8.0543222e-01   6.1214480e-01
   8.0543222e-01   6.1507339e-01
   8.0543222e-01   6.1760688e-01
   8.0543222e-01   6.1979944e-01
   8.0543222e-01   6.2169754e-01
   8.0543222e-01   6.2334120e-01
   8.0543222e-01   6.2476485e-01
   8.0543222e-01   6.2599818e-01
   8.0543222e-01   6.2706680e-01
   8.0543222e-01   6.2799285e-01
   8.0543222e-01   6.2879542e-01
   8.0543222e-01   6.2949105e-01
   8.0543222e-01   6.3009403e-01
   8.0543222e-01   6.3061673e-01
   8.0543222e-01   6.3106986e-01
   8.0543222e-01   6.3146269e-01
   8.0543222e-01   6.3180326e-01
   8.0543222e-01   6.3209853e-01
   8.0543222e-01   6.3235452e-01
   8.0543222e-01   6.3257647e-01
  -1.8271815e-02   6.3276889e-01
  -1.8271815e-02   6.3293573e-01
  -1.8271815e-02   6.3308038e-01
  -1.8271815e-02   6.2711039e-01
  -1.8271815e-02   6.1139351e-01
  -1.8271815e-02   5.8858085e-01
  -1.8271815e-02   5.6050852e-01
  -1.8271815e-02   5.2858915e-01
  -1.8271815e-02   4.9399369e-01
  -1.8271815e-02   4.5773187e-01
  -1.8271815e-02   4.2068371e-01
  -1.8271815e-02   3.8360875e-01
  -1.8271815e-02   3.4714755e-01
  -1.8271815e-02   3.1182248e-01
  -1.8271815e-02   2.7804120e-01
  -1.8271815e-02   2.4610364e-01
  -1.8271815e-02   2.1621223e-01
  -1.8271815e-02   1.8848421e-01
  -1.8271815e-02   1.6296521e-01
  -1.8271815e-02   1.3964274e-01
  -1.8271815e-02   1.1845916e-01
  -1.8271815e-02   9.9323333e-02
  -1.8271815e-02   8.2120771e-02
  -1.8271815e-02   6.6722189e-02
  -1.8271815e-02   5.2990416e-02
  -1.8271815e-02   4.0785835e-02
  -1.8271815e-02   2.9970510e-02
  -1.8271815e-02   2.0411179e-02
  -1.8271815e-02   1.1981330e-02
  -1.8271815e-02   4.5625190e-03
  -1.8271815e-02  -1.9548921e-03
  -1.8271815e-02  -7.6714416e-03
  -1.8271815e-02  -1.2678606e-02
  -1.8271815e-02  -1.7059072e-02
  -1.8271815e-02  -2.0887162e-02
  -1.8271815e-02  -2.4229364e-02
  -1.8271815e-02  -2.7144918e-02
  -1.8271815e-02  -2.9686418e-02
  -1.8271815e-02  -3.1900420e-02
  -1.8271815e-02  -3.3828022e-02
  -1.8271815e-02  -3.5505429e-02
  -1.8271815e-02  -3.6964466e-02
  -1.8271815e-02  -3.8233064e-02
  -1.8271815e-02  -3.9335700e-02
  -1.8271815e-02  -4.0293793e-02
  -1.8271815e-02  -4.1126067e-02
  -1.8271815e-02  -4.1848872e-02
  -1.8271815e-02  -4.2476476e-02
  -1.8271815e-02  -4.3021317e-02
  -1.8271815e-02  -4.3494230e-02
  -3.2456118e-01  -4.3904653e-02
  -3.2456118e-01  -4.4260798e-02
  -3.2456118e-01  -4.4569807e-02
  -3.2456118e-01  -5.5284468e-02
  -3.2456118e-01  -8.2347624e-02
  -3.2456118e-01  -1.2065636e-01
  -3.2456118e-01  -1.6655999e-01
  -3.2456118e-01  -2.1730844e-01
  -3.2456118e-01  -2.7076295e-01
  -3.2456118e-01  -3.2523801e-01
  -3.2456118e-01  -3.7940901e-01
  -3.2456118e-01  -4.3225198e-01
  -3.2456118e-01  -4.8299872e-01
  -3.2456118e-01  -5.3109917e-01
  -3.2456118e-01  -5.7618728e-01
  -3.2456118e-01  -6.1804958e-01
  -3.2456118e-01  -6.5659609e-01
  -3.2456118e-01  -6.9183404e-01
  -3.2456118e-01  -7.2384453e-01
  -3.2456118e-01  -7.5276249e-01
  -3.2456118e-01  -7.7875985e-01
  -3.2456118e-01  -8.0203173e-01
  -3.2456118e-01  -8.2278551e-01
  -3.2456118e-01  -8.4123232e-01
  -3.2456118e-01  -8.5758072e-01
  -3.2456118e-01  -8.7203210e-01
  -3.2456118e-01  -8.8477758e-01
  -3.2456118e-01  -8.9599602e-01
  -3.2456118e-01  -9.0585294e-01
  -3.2456118e-01  -9.1450007e-01
  -3.2456118e-01  -9.2207546e-01
  -3.2456118e-01  -9.2870389e-01
  -3.2456118e-01  -9.3449752e-01
  -3.2456118e-01  -9.3955668e-01
  -3.2456118e-01  -9.4397080e-01
  -3.2456118e-01  -9.4781928e-01
  -3.2456118e-01  -9.5117241e-01
  -3.2456118e-01  -9.5409225e-01
  -3.2456118e-01  -9.5663351e-01
  -3.2456118e-01  -9.5884427e-01
  -3.2456118e-01  -9.6076675e-01
  -3.2456118e-01  -9.6243795e-01
  -3.2456118e-01  -9.6389026e-01
  -3.2456118e-01  -9.6515200e-01
  -3.2456118e-01  -9.6624790e-01
  -3.2456118e-01  -9.6719956e-01
  -3.2456118e-01  -9.6802581e-01
  -3.2456118e-01  -9.6874304e-01
  -3.2456118e-01  -9.6936555e-01
  -3.2456118e-01  -9.6990578e-01
  -2.6150644e-01  -9.7037454e-01
  -2.6150644e-01  -9.7078125e-01
  -2.6150644e-01  -9.7113408e-01
  -2.6150644e-01  -9.6834060e-01
  -2.6150644e-01  -9.6080635e-01
  -2.6150644e-01  -9.5033660e-01
  -2.6150644e-01  -9.3824021e-01
  -2.6150644e-01  -9.2544350e-01
  -2.6150644e-01  -9.1258446e-01
  -2.6150644e-01  -9.0008773e-01
  -2.6150644e-01  -8.8822254e-01
  -2.6150644e-01  -8.7714665e-01
  -2.6150644e-01  -8.6693931e-01
  -2.6150644e-01  -8.5762545e-01
  -2.6150644e-01  -8.4919350e-01
  -2.6150644e-01  -8.4160820e-01
  -2.6150644e-01  -8.3481979e-01
  -2.6150644e-01  -8.2877052e-01
  -2.6150644e-01  -8.2339918e-01
  -2.6150644e-01  -8.1864420e-01
  -2.6150644e-01  -8.1444563e-01
  -2.6150644e-01  -8.1074651e-01
  -2.6150644e-01  -8.0749359e-01
  -2.6150644e-01  -8.0463774e-01
  -2.6150644e-01  -8.0213407e-01
  -2.6150644e-01  -7.9994188e-01
  -2.6150644e-01  -7.9802453e-01
  -2.6150644e-01  -7.9634916e-01
  -2.6150644e-01  -7.9488649e-01
  -2.6150644e-01  -7.9361046e-01
  -2.6150644e-01  -7.9249801e-01
  -2.6150644e-01  -7.9152874e-01
  -2.6150644e-01  -7.9068467e-01
  -2.6150644e-01  -7.8994996e-01
  -2.6150644e-01  -7.8931072e-01
  -2.6150644e-01  -7.8875476e-01
  -2.6150644e-01  -7.8827138e-01
  -2.6150644e-01  -7.8785123e-01
  -2.6150644e-01  -7.8748615e-01
  -2.6150644e-01  -7.8716898e-01
  -2.6150644e-01  -7.8689351e-01
  -2.6150644e-01  -7.8665430e-01
  -2.6150644e-01  -7.8644660e-01
  -2.6150644e-01  -7.8626630e-01
  -2.6150644e-01  -7.8610981e-01
  -2.6150644e-01  -7.8597399e-01
  -2.6150644e-01  -7.8585614e-01
  -2.6150644e-01  -7.8575388e-01
  -2.6150644e-01  -7.8566516e-01
  -2.6150644e-01  -7.8558819e-01
