  -6.5322277e-01   0.0000000e+00
  -6.5322277e-01   0.0000000e+00
  -6.5322277e-01   0.0000000e+00
  -6.5322277e-01  -1.5167738e-02
  -6.5322277e-01  -5.4464854e-02
  -6.5322277e-01  -1.1112418e-01
  -6.5322277e-01  -1.8041296e-01
  -6.5322277e-01  -2.5870018e-01
  -6.5322277e-01  -3.4301562e-01
  -6.5322277e-01  -4.3084720e-01
  -6.5322277e-01  -5.2005325e-01
  -6.5322277e-01  -6.0882680e-01
  -6.5322277e-01  -6.9567867e-01
  -6.5322277e-01  -7.7942328e-01
  -6.5322277e-01  -8.5915989e-01
  -6.5322277e-01  -9.3424772e-01
  -6.5322277e-01  -1.0042756e+00
  -6.5322277e-01  -1.0690288e+00
  -6.5322277e-01  -1.1284542e+00
  -6.5322277e-01  -1.1826275e+00
  -6.5322277e-01  -1.2317227e+00
  -6.5322277e-01  -1.2759842e+00
  -6.5322277e-01  -1.3157047e+00
  -6.5322277e-01  -1.3512052e+00
  -6.5322277e-01  -1.3828202e+00
  -6.5322277e-01  -1.4108859e+00
  -6.5322277e-01  -1.4357310e+00
  -6.5322277e-01  -1.4576709e+00
  -6.5322277e-01  -1.4770031e+00
  -6.5322277e-01  -1.4940048e+00
  -6.5322277e-01  -1.5089318e+00
  -6.5322277e-01  -1.5220176e+00
  -6.5322277e-01  -1.5334742e+00
  -6.5322277e-01  -1.5434929e+00
  -6.5322277e-01  -1.5522452e+00
  -6.5322277e-01  -1.5598843e+00
  -6.5322277e-01  -1.5665464e+00
  -6.5322277e-01  -1.5723525e+00
  -6.5322277e-01  -1.5774094e+00
  -6.5322277e-01  -1.5818113e+00
  -6.5322277e-01  -1.5856414e+00
  -6.5322277e-01  -1.5889723e+00
  -6.5322277e-01  -1.5918682e+00
  -6.5322277e-01  -1.5943850e+00
  -6.5322277e-01  -1.5965717e+00
  -6.5322277e-01  -1.5984710e+00
  -6.5322277e-01  -1.6001205e+00
  -6.5322277e-01  -1.6015526e+00
  -6.5322277e-01  -1.6027958e+00
  -6.5322277e-01  -1.6038748e+00
   6.6275949e-01  -1.6048112e+00
   6.6275949e-01  -1.6056238e+00
   6.6275949e-01  -1.6063288e+00
   6.6275949e-01  -1.5294690e+00
   6.6275949e-01  -1.3445702e+00
   6.6275949e-01  -1.1114855e+00
   6.6275949e-01  -8.7071177e-01
   6.6275949e-01  -6.4503998e-01
   6.6275949e-01  -4.4476232e-01
   6.6275949e-01  -2.7263966e-01
   6.6275949e-01  -1.2747524e-01
   6.6275949e-01  -6.3293623e-03
   6.6275949e-01   9.4249369e-02
   6.6275949e-01   1.7760950e-01
   6.6275949e-01   2.4673407e-01
   6.6275949e-01   3.0416328e-01
   6.6275949e-01   3.5200613e-01
   6.6275949e-01   3.9198904e-01
   6.6275949e-01   4.2551494e-01
   6.6275949e-01   4.5372053e-01
   6.6275949e-01   4.7752668e-01
   6.6275949e-01   4.9768076e-01
   6.6275949e-01   5.1479115e-01
   6.6275949e-01   5.2935497e-01
   6.6275949e-01   5.4178014e-01
   6.6275949e-01   5.5240291e-01
   6.6275949e-01   5.6150165e-01
   6.6275949e-01   5.6930788e-01
   6.6275949e-01   5.7601492e-01
   6.6275949e-01   5.8178490e-01
   6.6275949e-01   5.8675425e-01
   6.6275949e-01   5.9103821e-01
   6.6275949e-01   5.9473442e-01
   6.6275949e-01   5.9792581e-01
   6.6275949e-01   6.0068307e-01
   6.6275949e-01   6.0306652e-01
   6.6275949e-01   6.0512780e-01
   6.6275949e-01   6.0691115e-01
   6.6275949e-01   6.0845457e-01
   6.6275949e-01   6.0979071e-01
   6.6275949e-01   6.1094771e-01
   6.6275949e-01   6.1194977e-01
   6.6275949e-01   6.1281780e-01
   6.6275949e-01   6.1356983e-01
   6.6275949e-01   6.1422145e-01
   6.6275949e-01   6.1478612e-01
   6.6275949e-01   6.1527548e-01
   6.6275949e-01   6.1569961e-01
   6.6275949e-01   6.1606722e-01
   6.6275949e-01   6.1638586e-01
  -8.7905764e-01   6.1666207e-01
  -8.7905764e-01   6.1690150e-01
  -8.7905764e-01   6.1710905e-01
  -8.7905764e-01   6.0520538e-01
  -8.7905764e-01   5.7317083e-01
  -8.7905764e-01   5.2462331e-01
  -8.7905764e-01   4.6153955e-01
  -8.7905764e-01   3.8535218e-01
  -8.7905764e-01   2.9745737e-01
  -8.7905764e-01   1.9943396e-01
  -8.7905764e-01   9.3100992e-02
  -8.7905764e-01  -1.9519845e-02
  -8.7905764e-01  -1.3629398e-01
  -8.7905764e-01  -2.5508412e-01
  -8.7905764e-01  -3.7385761e-01
  -8.7905764e-01  -4.9077595e-01
  -8.7905764e-01  -6.0425825e-01
  -8.7905764e-01  -7.1301679e-01
  -8.7905764e-01  -8.1606700e-01
  -8.7905764e-01  -9.1271663e-01
  -8.7905764e-01  -1.0025401e+00
  -8.7905764e-01  -1.0853433e+00
  -8.7905764e-01  -1.1611249e+00
  -8.7905764e-01  -1.2300364e+00
  -8.7905764e-01  -1.2923451e+00
  -8.7905764e-01  -1.3484007e+00
  -8.7905764e-01  -1.3986069e+00
  -8.7905764e-01  -1.4433977e+00
  -8.7905764e-01  -1.4832192e+00
  -8.7905764e-01  -1.5185147e+00
  -8.7905764e-01  -1.5497148e+00
  -8.7905764e-01  -1.5772296e+00
  -8.7905764e-01  -1.6014439e+00
  -8.7905764e-01  -1.6227148e+00
  -8.7905764e-01  -1.6413700e+00
  -8.7905764e-01  -1.6577081e+00
  -8.7905764e-01  -1.6719993e+00
  -8.7905764e-01  -1.6844863e+00
  -8.7905764e-01  -1.6953866e+00
  -8.7905764e-01  -1.7048937e+00
  -8.7905764e-01  -1.7131796e+00
  -8.7905764e-01  -1.7203965e+00
  -8.7905764e-01  -1.7266787e+00
  -8.7905764e-01  -1.7321446e+00
  -8.7905764e-01  -1.7368982e+00
  -8.7905764e-01  -1.7410307e+00
  -8.7905764e-01  -1.7446220e+00
  -8.7905764e-01  -1.7477420e+00
  -8.7905764e-01  -1.7504520e+00
  -8.7905764e-01  -1.7528053e+00
   5.3751661e-02  -1.7548483e+00
   5.3751661e-02  -1.7566217e+00
   5.3751661e-02  -1.7581609e+00
   5.3751661e-02  -1.7101001e+00
   5.3751661e-02  -1.5904586e+00
   5.3751661e-02  -1.4336670e+00
   5.3751661e-02  -1.2639980e+00
   5.3751661e-02  -1.0966820e+00
   5.3751661e-02  -9.4021035e-01
   5.3751661e-02  -7.9856926e-01
   5.3751661e-02  -6.7297497e-01
   5.3751661e-02  -5.6307304e-01
   5.3751661e-02  -4.6770710e-01
   5.3751661e-02  -3.8538280e-01
   5.3751661e-02  -3.1453182e-01
   5.3751661e-02  -2.5365171e-01
   5.3751661e-02  -2.0137173e-01
   5.3751661e-02  -1.5647661e-01
   5.3751661e-02  -1.1790751e-01
   5.3751661e-02  -8.4751740e-02
   5.3751661e-02  -5.6227572e-02
   5.3751661e-02  -3.1667871e-02
   5.3751661e-02  -1.0504258e-02
   5.3751661e-02   7.7472795e-03
   5.3751661e-02   2.3499067e-02
   5.3751661e-02   3.7102675e-02
   5.3751661e-02   4.8858229e-02
   5.3751661e-02   5.9022302e-02
   5.3751661e-02   6.7814542e-02
   5.3751661e-02   7.5423265e-02
   5.3751661e-02   8.2010143e-02
   5.3751661e-02   8.7714160e-02
   5.3751661e-02   9.2654933e-02
   5.3751661e-02   9.6935529e-02
   5.3751661e-02   1.0064484e-01
   5.3751661e-02   1.0385959e-01
   5.3751661e-02   1.0664606e-01
   5.3751661e-02   1.0906156e-01
   5.3751661e-02   1.1115564e-01
   5.3751661e-02   1.1297118e-01
   5.3751661e-02   1.1454530e-01
   5.3751661e-02   1.1591017e-01
   5.3751661e-02   1.1709362e-01
   5.3751661e-02   1.1811979e-01
   5.3751661e-02   1.1900959e-01
   5.3751661e-02   1.1978115e-01
   5.3751661e-02   1.2045018e-01
   5.3751661e-02   1.2103030e-01
   5.3751661e-02   1.2153333e-01
   5.3751661e-02   1.2196950e-01
   3.1371978e-01   1.2234770e-01
   3.1371978e-01   1.2267563e-01
   3.1371978e-01   1.2295997e-01
   3.1371978e-01   1.3047225e-01
   3.1371978e-01   1.4874419e-01
   3.1371978e-01   1.7319395e-01
   3.1371978e-01   2.0053009e-01
   3.1371978e-01   2.2853295e-01
   3.1371978e-01   2.5579544e-01
   3.1371978e-01   2.8149030e-01
   3.1371978e-01   3.0518538e-01
   3.1371978e-01   3.2670717e-01
   3.1371978e-01   3.4604454e-01
   3.1371978e-01   3.6328321e-01
   3.1371978e-01   3.7856227e-01
   3.1371978e-01   3.9204621e-01
   3.1371978e-01   4.0390730e-01
   3.1371978e-01   4.1431507e-01
   3.1371978e-01   4.2343019e-01
   3.1371978e-01   4.3140134e-01
   3.1371978e-01   4.3836393e-01
   3.1371978e-01   4.4443986e-01
   3.1371978e-01   4.4973800e-01
   3.1371978e-01   4.5435501e-01
   3.1371978e-01   4.5837635e-01
   3.1371978e-01   4.6187730e-01
   3.1371978e-01   4.6492403e-01
   3.1371978e-01   4.6757458e-01
   3.1371978e-01   4.6987977e-01
   3.1371978e-01   4.7188407e-01
   3.1371978e-01   4.7362634e-01
   3.1371978e-01   4.7514049e-01
   3.1371978e-01   4.7645614e-01
   3.1371978e-01   4.7759910e-01
   3.1371978e-01   4.7859186e-01
   3.1371978e-01   4.7945404e-01
   3.1371978e-01   4.8020269e-01
   3.1371978e-01   4.8085268e-01
   3.1371978e-01   4.8141694e-01
   3.1371978e-01   4.8190673e-01
   3.1371978e-01   4.8233182e-01
   3.1371978e-01   4.8270073e-01
   3.1371978e-01   4.8302085e-01
   3.1371978e-01   4.8329861e-01
   3.1371978e-01   4.8353960e-01
   3.1371978e-01   4.8374867e-01
   3.1371978e-01   4.8393003e-01
   3.1371978e-01   4.8408736e-01
   3.1371978e-01   4.8422382e-01
   3.1371978e-01   4.8434218e-01
  -4.1603184e-01   4.8444483e-01
  -4.1603184e-01   4.8453386e-01
  -4.1603184e-01   4.8461107e-01
  -4.1603184e-01   4.7275540e-01
  -4.1603184e-01   4.4149833e-01
  -4.1603184e-01   3.9532987e-01
  -4.1603184e-01   3.3717610e-01
  -4.1603184e-01   2.6929937e-01
  -4.1603184e-01   1.9370131e-01
  -4.1603184e-01   1.1228471e-01
  -4.1603184e-01   2.6893231e-02
  -4.1603184e-01  -6.0708752e-02
  -4.1603184e-01  -1.4887997e-01
  -4.1603184e-01  -2.3614836e-01
  -4.1603184e-01  -3.2124751e-01
  -4.1603184e-01  -4.0313813e-01
  -4.1603184e-01  -4.8101378e-01
  -4.1603184e-01  -5.5429272e-01
  -4.1603184e-01  -6.2259927e-01
  -4.1603184e-01  -6.8573830e-01
  -4.1603184e-01  -7.4366628e-01
  -4.1603184e-01  -7.9646166e-01
  -4.1603184e-01  -8.4429669e-01
  -4.1603184e-01  -8.8741188e-01
  -4.1603184e-01  -9.2609391e-01
  -4.1603184e-01  -9.6065726e-01
  -4.1603184e-01  -9.9142934e-01
  -4.1603184e-01  -1.0187390e+00
  -4.1603184e-01  -1.0429079e+00
  -4.1603184e-01  -1.0642444e+00
  -4.1603184e-01  -1.0830396e+00
  -4.1603184e-01  -1.0995643e+00
  -4.1603184e-01  -1.1140683e+00
  -4.1603184e-01  -1.1267799e+00
  -4.1603184e-01  -1.1379059e+00
  -4.1603184e-01  -1.1476330e+00
  -4.1603184e-01  -1.1561284e+00
  -4.1603184e-01  -1.1635416e+00
  -4.1603184e-01  -1.1700053e+00
  -4.1603184e-01  -1.1756372e+00
  -4.1603184e-01  -1.1805415e+00
  -4.1603184e-01  -1.1848098e+00
  -4.1603184e-01  -1.1885229e+00
  -4.1603184e-01  -1.1917516e+00
  -4.1603184e-01  -1.1945582e+00
  -4.1603184e-01  -1.1969970e+00
  -4.1603184e-01  -1.1991157e+00
  -4.1603184e-01  -1.2009558e+00
  -4.1603184e-01  -1.2025535e+00
  -4.1603184e-01  -1.2039406e+00
  -9.6902575e-01  -1.2051447e+00
  -9.6902575e-01  -1.2061896e+00
  -9.6902575e-01  -1.2070963e+00
  -9.6902575e-01  -1.2160295e+00
  -9.6902575e-01  -1.2374074e+00
  -9.6902575e-01  -1.2668483e+00
  -9.6902575e-01  -1.3011803e+00
  -9.6902575e-01  -1.3380889e+00
  -9.6902575e-01  -1.3758877e+00
  -9.6902575e-01  -1.4133624e+00
  -9.6902575e-01  -1.4496579e+00
  -9.6902575e-01  -1.4841946e+00
  -9.6902575e-01  -1.5166040e+00
  -9.6902575e-01  -1.5466776e+00
  -9.6902575e-01  -1.5743269e+00
  -9.6902575e-01  -1.5995518e+00
  -9.6902575e-01  -1.6224149e+00
  -9.6902575e-01  -1.6430220e+00
  -9.6902575e-01  -1.6615071e+00
  -9.6902575e-01  -1.6780202e+00
  -9.6902575e-01  -1.6927187e+00
  -9.6902575e-01  -1.7057613e+00
  -9.6902575e-01  -1.7173028e+00
  -9.6902575e-01  -1.7274917e+00
  -9.6902575e-01  -1.7364677e+00
  -9.6902575e-01  -1.7443605e+00
  -9.6902575e-01  -1.7512896e+00
  -9.6902575e-01  -1.7573640e+00
  -9.6902575e-01  -1.7626825e+00
  -9.6902575e-01  -1.7673338e+00
  -9.6902575e-01  -1.7713977e+00
  -9.6902575e-01  -1.7749453e+00
  -9.6902575e-01  -1.7780397e+00
  -9.6902575e-01  -1.7807371e+00
  -9.6902575e-01  -1.7830869e+00
  -9.6902575e-01  -1.7851328e+00
  -9.6902575e-01  -1.7869133e+00
  -9.6902575e-01  -1.7884622e+00
  -9.6902575e-01  -1.7898090e+00
  -9.6902575e-01  -1.7909798e+00
  -9.6902575e-01  -1.7919972e+00
  -9.6902575e-01  -1.7928811e+00
  -9.6902575e-01  -1.7936488e+00
  -9.6902575e-01  -1.7943156e+00
  -9.6902575e-01  -1.7948944e+00
  -9.6902575e-01  -1.7953969e+00
  -9.6902575e-01  -1.7958331e+00
  -9.6902575e-01  -1.7962116e+00
  -9.6902575e-01  -1.7965401e+00
  -9.6902575e-01  -1.7968251e+00
  -6.6566318e-01  -1.7970723e+00
  -6.6566318e-01  -1.7972868e+00
  -6.6566318e-01  -1.7974729e+00
  -6.6566318e-01  -1.7948064e+00
  -6.6566318e-01  -1.7878242e+00
  -6.6566318e-01  -1.7781598e+00
  -6.6566318e-01  -1.7669969e+00
  -6.6566318e-01  -1.7551759e+00
  -6.6566318e-01  -1.7432787e+00
  -6.6566318e-01  -1.7316959e+00
  -6.6566318e-01  -1.7206777e+00
  -6.6566318e-01  -1.7103733e+00
  -6.6566318e-01  -1.7008600e+00
  -6.6566318e-01  -1.6921649e+00
  -6.6566318e-01  -1.6842808e+00
  -6.6566318e-01  -1.6771784e+00
  -6.6566318e-01  -1.6708139e+00
  -6.6566318e-01  -1.6651359e+00
  -6.6566318e-01  -1.6600889e+00
  -6.6566318e-01  -1.6556169e+00
  -6.6566318e-01  -1.6516650e+00
  -6.6566318e-01  -1.6481806e+00
  -6.6566318e-01  -1.6451146e+00
  -6.6566318e-01  -1.6424213e+00
  -6.6566318e-01  -1.6400590e+00
  -6.6566318e-01  -1.6379896e+00
  -6.6566318e-01  -1.6361790e+00
  -6.6566318e-01  -1.6345964e+00
  -6.6566318e-01  -1.6332143e+00
  -6.6566318e-01  -1.6320082e+00
  -6.6566318e-01  -1.6309565e+00
  -6.6566318e-01  -1.6300400e+00
  -6.6566318e-01  -1.6292418e+00
  -6.6566318e-01  -1.6285469e+00
  -6.6566318e-01  -1.6279422e+00
  -6.6566318e-01  -1.6274162e+00
  -6.6566318e-01  -1.6269588e+00
  -6.6566318e-01  -1.6265612e+00
  -6.6566318e-01  -1.6262158e+00
  -6.6566318e-01  -1.6259156e+00
  -6.6566318e-01  -1.6256549e+00
  -6.6566318e-01  -1.6254285e+00
  -6.6566318e-01  -1.6252319e+00
  -6.6566318e-01  -1.6250612e+00
  -6.6566318e-01  -1.6249131e+00
  -6.6566318e-01  -1.6247845e+00
  -6.6566318e-01  -1.6246730e+00
  -6.6566318e-01  -1.6245762e+00
  -6.6566318e-01  -1.6244922e+00
  -6.6566318e-01  -1.6244193e+00
  -2.5518052e-01  -1.6243561e+00
  -2.5518052e-01  -1.6243013e+00
  -2.5518052e-01  -1.6242537e+00
  -2.5518052e-01  -1.6079512e+00
  -2.5518052e-01  -1.5673370e+00
  -2.5518052e-01  -1.5124192e+00
  -2.5518052e-01  -1.4504166e+00
  -2.5518052e-01  -1.3862761e+00
  -2.5518052e-01  -1.3232198e+00
  -2.5518052e-01  -1.2632229e+00
  -2.5518052e-01  -1.2073922e+00
  -2.5518052e-01  -1.1562489e+00
  -2.5518052e-01  -1.1099322e+00
  -2.5518052e-01  -1.0683417e+00
  -2.5518052e-01  -1.0312347e+00
  -2.5518052e-01  -9.9829098e-01
  -2.5518052e-01  -9.6915596e-01
  -2.5518052e-01  -9.4346748e-01
  -2.5518052e-01  -9.2087276e-01
  -2.5518052e-01  -9.0103823e-01
  -2.5518052e-01  -8.8365468e-01
  -2.5518052e-01  -8.6843952e-01
  -2.5518052e-01  -8.5513710e-01
  -2.5518052e-01  -8.4351796e-01
  -2.5518052e-01  -8.3337727e-01
  -2.5518052e-01  -8.2453309e-01
  -2.5518052e-01  -8.1682432e-01
  -2.5518052e-01  -8.1010879e-01
  -2.5518052e-01  -8.0426126e-01
  -2.5518052e-01  -7.9917168e-01
  -2.5518052e-01  -7.9474346e-01
  -2.5518052e-01  -7.9089195e-01
  -2.5518052e-01  -7.8754305e-01
  -2.5518052e-01  -7.8463197e-01
  -2.5518052e-01  -7.8210210e-01
  -2.5518052e-01  -7.7990400e-01
  -2.5518052e-01  -7.7799457e-01
  -2.5518052e-01  -7.7633619e-01
  -2.5518052e-01  -7.7489611e-01
  -2.5518052e-01  -7.7364578e-01
  -2.5518052e-01  -7.7256035e-01
  -2.5518052e-01  -7.7161819e-01
  -2.5518052e-01  -7.7080050e-01
  -2.5518052e-01  -7.7009089e-01
  -2.5518052e-01  -7.6947515e-01
  -2.5518052e-01  -7.6894091e-01
  -2.5518052e-01  -7.6847741e-01
  -2.5518052e-01  -7.6807532e-01
  -2.5518052e-01  -7.6772652e-01
  -2.5518052e-01  -7.6742397e-01
  -2.0624724e-02  -7.6716156e-01
  -2.0624724e-02  -7.6693396e-01
  -2.0624724e-02  -7.6673658e-01
  -2.0624724e-02  -7.5229683e-01
  -2.0624724e-02  -7.1666431e-01
  -2.0624724e-02  -6.6881568e-01
  -2.0624724e-02  -6.1520639e-01
  -2.0624724e-02  -5.6019987e-01
  -2.0624724e-02  -5.0657210e-01
  -2.0624724e-02  -4.5596411e-01
  -2.0624724e-02  -4.0924140e-01
  -2.0624724e-02  -3.6675993e-01
  -2.0624724e-02  -3.2855430e-01
  -2.0624724e-02  -2.9446621e-01
  -2.0624724e-02  -2.6423000e-01
  -2.0624724e-02  -2.3752795e-01
  -2.0624724e-02  -2.1402523e-01
  -2.0624724e-02  -1.9339105e-01
  -2.0624724e-02  -1.7531092e-01
  -2.0624724e-02  -1.5949312e-01
  -2.0624724e-02  -1.4567148e-01
  -2.0624724e-02  -1.3360596e-01
  -2.0624724e-02  -1.2308188e-01
  -2.0624724e-02  -1.1390841e-01
  -2.0624724e-02  -1.0591666e-01
  -2.0624724e-02  -9.8957726e-02
  -2.0624724e-02  -9.2900606e-02
  -2.0624724e-02  -8.7630327e-02
  -2.0624724e-02  -8.3046130e-02
  -2.0624724e-02  -7.9059834e-02
  -2.0624724e-02  -7.5594340e-02
  -2.0624724e-02  -7.2582306e-02
  -2.0624724e-02  -6.9964950e-02
  -2.0624724e-02  -6.7690994e-02
  -2.0624724e-02  -6.5715737e-02
  -2.0624724e-02  -6.4000224e-02
  -2.0624724e-02  -6.2510522e-02
  -2.0624724e-02  -6.1217091e-02
  -2.0624724e-02  -6.0094214e-02
  -2.0624724e-02  -5.9119520e-02
  -2.0624724e-02  -5.8273545e-02
  -2.0624724e-02  -5.7539366e-02
  -2.0624724e-02  -5.6902268e-02
  -2.0624724e-02  -5.6349463e-02
  -2.0624724e-02  -5.5869836e-02
  -2.0624724e-02  -5.5453730e-02
  -2.0624724e-02  -5.5092758e-02
  -2.0624724e-02  -5.4779633e-02
  -2.0624724e-02  -5.4508029e-02
  -2.0624724e-02  -5.4272453e-02
   9.0326093e-01  -5.4068135e-02
   9.0326093e-01  -5.3890936e-02
   9.0326093e-01  -5.3737262e-02
   9.0326093e-01  -3.6019191e-02
   9.0326093e-01   7.1613504e-03
   9.0326093e-01   6.3681739e-02
   9.0326093e-01   1.2498619e-01
   9.0326093e-01   1.8566474e-01
   9.0326093e-01   2.4265575e-01
   9.0326093e-01   2.9447906e-01
   9.0326093e-01   3.4063877e-01
   9.0326093e-01   3.8120711e-01
   9.0326093e-01   4.1655463e-01
   9.0326093e-01   4.4718505e-01
   9.0326093e-01   4.7363931e-01
   9.0326093e-01   4.9644348e-01
   9.0326093e-01   5.1608296e-01
   9.0326093e-01   5.3299215e-01
   9.0326093e-01   5.4755253e-01
   9.0326093e-01   5.6009525e-01
   9.0326093e-01   5.7090570e-01
   9.0326093e-01   5.8022880e-01
   9.0326093e-01   5.8827426e-01
   9.0326093e-01   5.9522146e-01
   9.0326093e-01   6.0122383e-01
   9.0326093e-01   6.0641268e-01
   9.0326093e-01   6.1090045e-01
   9.0326093e-01   6.1478357e-01
   9.0326093e-01   6.1814479e-01
   9.0326093e-01   6.2105522e-01
   9.0326093e-01   6.2357604e-01
   9.0326093e-01   6.2575993e-01
   9.0326093e-01   6.2765232e-01
   9.0326093e-01   6.2929239e-01
   9.0326093e-01   6.3071399e-01
   9.0326093e-01   6.3194635e-01
   9.0326093e-01   6.3301477e-01
   9.0326093e-01   6.3394111e-01
   9.0326093e-01   6.3474433e-01
   9.0326093e-01   6.3544080e-01
   9.0326093e-01   6.3604474e-01
   9.0326093e-01   6.3656845e-01
   9.0326093e-01   6.3702259e-01
   9.0326093e-01   6.3741641e-01
   9.0326093e-01   6.3775792e-01
   9.0326093e-01   6.3805406e-01
   9.0326093e-01   6.3831086e-01
   9.0326093e-01   6.3853355e-01
   9.0326093e-01   6.3872665e-01
   9.0326093e-01   6.3889409e-01
  -8.9464600e-01   6.3903929e-01
  -8.9464600e-01   6.3916518e-01
  -8.9464600e-01   6.3927435e-01
  -8.9464600e-01   6.2763048e-01
  -8.9464600e-01   5.9638094e-01
  -8.9464600e-01   5.4892203e-01
  -8.9464600e-01   4.8704744e-01
  -8.9464600e-01   4.1203268e-01
  -8.9464600e-01   3.2514076e-01
  -8.9464600e-01   2.2784436e-01
  -8.9464600e-01   1.2188713e-01
  -8.9464600e-01   9.2480671e-03
  -8.9464600e-01  -1.0794912e-01
  -8.9464600e-01  -2.2754998e-01
  -8.9464600e-01  -3.4748255e-01
  -8.9464600e-01  -4.6585370e-01
  -8.9464600e-01  -5.8101946e-01
  -8.9464600e-01  -6.9162674e-01
  -8.9464600e-01  -7.9662806e-01
  -8.9464600e-01  -8.9527422e-01
  -8.9464600e-01  -9.8709059e-01
  -8.9464600e-01  -1.0718432e+00
  -8.9464600e-01  -1.1494995e+00
  -8.9464600e-01  -1.2201885e+00
  -8.9464600e-01  -1.2841620e+00
  -8.9464600e-01  -1.3417610e+00
  -8.9464600e-01  -1.3933853e+00
  -8.9464600e-01  -1.4394694e+00
  -8.9464600e-01  -1.4804623e+00
  -8.9464600e-01  -1.5168130e+00
  -8.9464600e-01  -1.5489589e+00
  -8.9464600e-01  -1.5773177e+00
  -8.9464600e-01  -1.6022825e+00
  -8.9464600e-01  -1.6242185e+00
  -8.9464600e-01  -1.6434616e+00
  -8.9464600e-01  -1.6603180e+00
  -8.9464600e-01  -1.6750650e+00
  -8.9464600e-01  -1.6879524e+00
  -8.9464600e-01  -1.6992036e+00
  -8.9464600e-01  -1.7090179e+00
  -8.9464600e-01  -1.7175725e+00
  -8.9464600e-01  -1.7250240e+00
  -8.9464600e-01  -1.7315110e+00
  -8.9464600e-01  -1.7371554e+00
  -8.9464600e-01  -1.7420645e+00
  -8.9464600e-01  -1.7463323e+00
  -8.9464600e-01  -1.7500415e+00
  -8.9464600e-01  -1.7532640e+00
  -8.9464600e-01  -1.7560631e+00
  -8.9464600e-01  -1.7584938e+00
  -4.6176115e-01  -1.7606042e+00
  -4.6176115e-01  -1.7624361e+00
  -4.6176115e-01  -1.7640260e+00
  -4.6176115e-01  -1.7575575e+00
  -4.6176115e-01  -1.7390414e+00
  -4.6176115e-01  -1.7131284e+00
  -4.6176115e-01  -1.6831933e+00
  -4.6176115e-01  -1.6516093e+00
  -4.6176115e-01  -1.6199908e+00
  -4.6176115e-01  -1.5893928e+00
  -4.6176115e-01  -1.5604671e+00
  -4.6176115e-01  -1.5335808e+00
  -4.6176115e-01  -1.5089036e+00
  -4.6176115e-01  -1.4864724e+00
  -4.6176115e-01  -1.4662366e+00
  -4.6176115e-01  -1.4480913e+00
  -4.6176115e-01  -1.4318996e+00
  -4.6176115e-01  -1.4175089e+00
  -4.6176115e-01  -1.4047609e+00
  -4.6176115e-01  -1.3934995e+00
  -4.6176115e-01  -1.3835744e+00
  -4.6176115e-01  -1.3748443e+00
  -4.6176115e-01  -1.3671785e+00
  -4.6176115e-01  -1.3604571e+00
  -4.6176115e-01  -1.3545712e+00
  -4.6176115e-01  -1.3494227e+00
  -4.6176115e-01  -1.3449235e+00
  -4.6176115e-01  -1.3409952e+00
  -4.6176115e-01  -1.3375679e+00
  -4.6176115e-01  -1.3345796e+00
  -4.6176115e-01  -1.3319758e+00
  -4.6176115e-01  -1.3297080e+00
  -4.6176115e-01  -1.3277340e+00
  -4.6176115e-01  -1.3260163e+00
  -4.6176115e-01  -1.3245222e+00
  -4.6176115e-01  -1.3232231e+00
  -4.6176115e-01  -1.3220938e+00
  -4.6176115e-01  -1.3211125e+00
  -4.6176115e-01  -1.3202599e+00
  -4.6176115e-01  -1.3195193e+00
  -4.6176115e-01  -1.3188761e+00
  -4.6176115e-01  -1.3183177e+00
  -4.6176115e-01  -1.3178329e+00
  -4.6176115e-01  -1.3174121e+00
  -4.6176115e-01  -1.3170468e+00
  -4.6176115e-01  -1.3167299e+00
  -4.6176115e-01  -1.3164548e+00
  -4.6176115e-01  -1.3162162e+00
  -4.6176115e-01  -1.3160092e+00
  -4.6176115e-01  -1.3158296e+00
   9.5741802e-02  -1.3156738e+00
   9.5741802e-02  -1.3155387e+00
   9.5741802e-02  -1.3154215e+00
   9.5741802e-02  -1.2766418e+00
   9.5741802e-02  -1.1818247e+00
   9.5741802e-02  -1.0576355e+00
   9.5741802e-02  -9.2289876e-01
   9.5741802e-02  -7.8952005e-01
   9.5741802e-02  -6.6423826e-01
   9.5741802e-02  -5.5031249e-01
   9.5741802e-02  -4.4883576e-01
   9.5741802e-02  -3.5965075e-01
   9.5741802e-02  -2.8194347e-01
   9.5741802e-02  -2.1460679e-01
   9.5741802e-02  -1.5645147e-01
   9.5741802e-02  -1.0632090e-01
   9.5741802e-02  -6.3147821e-02
   9.5741802e-02  -2.5977166e-02
   9.5741802e-02   6.0298381e-03
   9.5741802e-02   3.3601264e-02
   9.5741802e-02   5.7364574e-02
   9.5741802e-02   7.7858232e-02
   9.5741802e-02   9.5543277e-02
   9.5741802e-02   1.1081408e-01
   9.5741802e-02   1.2400795e-01
   9.5741802e-02   1.3541354e-01
   9.5741802e-02   1.4527805e-01
   9.5741802e-02   1.5381345e-01
   9.5741802e-02   1.6120163e-01
   9.5741802e-02   1.6759893e-01
   9.5741802e-02   1.7313982e-01
   9.5741802e-02   1.7794012e-01
   9.5741802e-02   1.8209966e-01
   9.5741802e-02   1.8570460e-01
   9.5741802e-02   1.8882931e-01
   9.5741802e-02   1.9153808e-01
   9.5741802e-02   1.9388649e-01
   9.5741802e-02   1.9592263e-01
   9.5741802e-02   1.9768811e-01
   9.5741802e-02   1.9921898e-01
   9.5741802e-02   2.0054645e-01
   9.5741802e-02   2.0169758e-01
   9.5741802e-02   2.0269579e-01
   9.5741802e-02   2.0356141e-01
   9.5741802e-02   2.0431204e-01
   9.5741802e-02   2.0496297e-01
   9.5741802e-02   2.0552742e-01
   9.5741802e-02   2.0601689e-01
   9.5741802e-02   2.0644133e-01
   9.5741802e-02   2.0680937e-01
  -1.6451179e-01   2.0712851e-01
  -1.6451179e-01   2.0740523e-01
  -1.6451179e-01   2.0764517e-01
  -1.6451179e-01   2.0004540e-01
  -1.6451179e-01   1.8018997e-01
  -1.6451179e-01   1.5191886e-01
  -1.6451179e-01   1.1797677e-01
  -1.6451179e-01   8.0427351e-02
  -1.6451179e-01   4.0871395e-02
  -1.6451179e-01   5.6673823e-04
  -1.6451179e-01  -3.9501102e-02
  -1.6451179e-01  -7.8572682e-02
  -1.6451179e-01  -1.1608012e-01
  -1.6451179e-01  -1.5161825e-01
  -1.6451179e-01  -1.8491872e-01
  -1.6451179e-01  -2.1582625e-01
  -1.6451179e-01  -2.4427681e-01
  -1.6451179e-01  -2.7027798e-01
  -1.6451179e-01  -2.9389164e-01
  -1.6451179e-01  -3.1521909e-01
  -1.6451179e-01  -3.3438862e-01
  -1.6451179e-01  -3.5154538e-01
  -1.6451179e-01  -3.6684326e-01
  -1.6451179e-01  -3.8043874e-01
  -1.6451179e-01  -3.9248617e-01
  -1.6451179e-01  -4.0313450e-01
  -1.6451179e-01  -4.1252498e-01
  -1.6451179e-01  -4.2078971e-01
  -1.6451179e-01  -4.2805086e-01
  -1.6451179e-01  -4.3442042e-01
  -1.6451179e-01  -4.4000023e-01
  -1.6451179e-01  -4.4488231e-01
  -1.6451179e-01  -4.4914935e-01
  -1.6451179e-01  -4.5287533e-01
  -1.6451179e-01  -4.5612615e-01
  -1.6451179e-01  -4.5896032e-01
  -1.6451179e-01  -4.6142964e-01
  -1.6451179e-01  -4.6357984e-01
  -1.6451179e-01  -4.6545122e-01
  -1.6451179e-01  -4.6707919e-01
  -1.6451179e-01  -4.6849486e-01
  -1.6451179e-01  -4.6972549e-01
  -1.6451179e-01  -4.7079491e-01
  -1.6451179e-01  -4.7172400e-01
  -1.6451179e-01  -4.7253098e-01
  -1.6451179e-01  -4.7323173e-01
  -1.6451179e-01  -4.7384013e-01
  -1.6451179e-01  -4.7436826e-01
  -1.6451179e-01  -4.7482664e-01
  -1.6451179e-01  -4.7522443e-01
  -3.9709010e-01  -4.7556960e-01
  -3.9709010e-01  -4.7586907e-01
  -3.9709010e-01  -4.7612888e-01
  -3.9709010e-01  -4.8524787e-01
  -3.9709010e-01  -5.0812418e-01
  -3.9709010e-01  -5.4012388e-01
  -3.9709010e-01  -5.7790291e-01
  -3.9709010e-01  -6.1899036e-01
  -3.9709010e-01  -6.6154140e-01
  -3.9709010e-01  -7.0418126e-01
  -3.9709010e-01  -7.4589968e-01
  -3.9709010e-01  -7.8597422e-01
  -3.9709010e-01  -8.2391106e-01
  -3.9709010e-01  -8.5939742e-01
  -3.9709010e-01  -8.9226232e-01
  -3.9709010e-01  -9.2244390e-01
  -3.9709010e-01  -9.4996236e-01
  -3.9709010e-01  -9.7489761e-01
  -3.9709010e-01  -9.9737118e-01
  -3.9709010e-01  -1.0175318e+00
  -3.9709010e-01  -1.0355440e+00
  -3.9709010e-01  -1.0515796e+00
  -3.9709010e-01  -1.0658110e+00
  -3.9709010e-01  -1.0784066e+00
  -3.9709010e-01  -1.0895277e+00
  -3.9709010e-01  -1.0993261e+00
  -3.9709010e-01  -1.1079430e+00
  -3.9709010e-01  -1.1155084e+00
  -3.9709010e-01  -1.1221409e+00
  -3.9709010e-01  -1.1279483e+00
  -3.9709010e-01  -1.1330274e+00
  -3.9709010e-01  -1.1374650e+00
  -3.9709010e-01  -1.1413388e+00
  -3.9709010e-01  -1.1447178e+00
  -3.9709010e-01  -1.1476630e+00
  -3.9709010e-01  -1.1502288e+00
  -3.9709010e-01  -1.1524626e+00
  -3.9709010e-01  -1.1544065e+00
  -3.9709010e-01  -1.1560975e+00
  -3.9709010e-01  -1.1575678e+00
  -3.9709010e-01  -1.1588459e+00
  -3.9709010e-01  -1.1599565e+00
  -3.9709010e-01  -1.1609213e+00
  -3.9709010e-01  -1.1617593e+00
  -3.9709010e-01  -1.1624870e+00
  -3.9709010e-01  -1.1631188e+00
  -3.9709010e-01  -1.1636672e+00
  -3.9709010e-01  -1.1641432e+00
  -3.9709010e-01  -1.1645563e+00
  -3.9709010e-01  -1.1649147e+00
   3.3267770e-01  -1.1652257e+00
   3.3267770e-01  -1.1654955e+00
   3.3267770e-01  -1.1657296e+00
   3.3267770e-01  -1.1167324e+00
   3.3267770e-01  -9.9767660e-01
   3.3267770e-01  -8.4442553e-01
   3.3267770e-01  -6.8185432e-01
   3.3267770e-01  -5.2490948e-01
   3.3267770e-01  -3.8128692e-01
   3.3267770e-01  -2.5403018e-01
   3.3267770e-01  -1.4349058e-01
   3.3267770e-01  -4.8625323e-02
   3.3267770e-01   3.2215745e-02
   3.3267770e-01   1.0084798e-01
   3.3267770e-01   1.5902369e-01
   3.3267770e-01   2.0832852e-01
   3.3267770e-01   2.5014660e-01
   3.3267770e-01   2.8566092e-01
   3.3267770e-01   3.1587021e-01
   3.3267770e-01   3.4161179e-01
   3.3267770e-01   3.6358529e-01
   3.3267770e-01   3.8237473e-01
   3.3267770e-01   3.9846780e-01
   3.3267770e-01   4.1227240e-01
   3.3267770e-01   4.2413040e-01
   3.3267770e-01   4.3432908e-01
   3.3267770e-01   4.4311047e-01
   3.3267770e-01   4.5067904e-01
   3.3267770e-01   4.5720801e-01
   3.3267770e-01   4.6284450e-01
   3.3267770e-01   4.6771373e-01
   3.3267770e-01   4.7192259e-01
   3.3267770e-01   4.7556242e-01
   3.3267770e-01   4.7871152e-01
   3.3267770e-01   4.8143702e-01
   3.3267770e-01   4.8379663e-01
   3.3267770e-01   4.8584001e-01
   3.3267770e-01   4.8760994e-01
   3.3267770e-01   4.8914327e-01
   3.3267770e-01   4.9047186e-01
   3.3267770e-01   4.9162317e-01
   3.3267770e-01   4.9262098e-01
   3.3267770e-01   4.9348582e-01
   3.3267770e-01   4.9423546e-01
   3.3267770e-01   4.9488529e-01
   3.3267770e-01   4.9544862e-01
   3.3267770e-01   4.9593698e-01
   3.3267770e-01   4.9636036e-01
   3.3267770e-01   4.9672741e-01
   3.3267770e-01   4.9704563e-01
   3.9621104e-01   4.9732152e-01
   3.9621104e-01   4.9756072e-01
   3.9621104e-01   4.9776810e-01
   3.9621104e-01   4.9858593e-01
   3.9621104e-01   5.0034722e-01
   3.9621104e-01   5.0268540e-01
   3.9621104e-01   5.0533575e-01
   3.9621104e-01   5.0811143e-01
   3.9621104e-01   5.1088411e-01
   3.9621104e-01   5.1356864e-01
   3.9621104e-01   5.1611132e-01
   3.9621104e-01   5.1848102e-01
   3.9621104e-01   5.2066252e-01
   3.9621104e-01   5.2265158e-01
   3.9621104e-01   5.2445140e-01
   3.9621104e-01   5.2606996e-01
   3.9621104e-01   5.2751813e-01
   3.9621104e-01   5.2880843e-01
   3.9621104e-01   5.2995400e-01
   3.9621104e-01   5.3096806e-01
   3.9621104e-01   5.3186341e-01
   3.9621104e-01   5.3265223e-01
   3.9621104e-01   5.3334589e-01
   3.9621104e-01   5.3395486e-01
   3.9621104e-01   5.3448874e-01
   3.9621104e-01   5.3495619e-01
   3.9621104e-01   5.3536503e-01
   3.9621104e-01   5.3572227e-01
   3.9621104e-01   5.3603416e-01
   3.9621104e-01   5.3630624e-01
   3.9621104e-01   5.3654344e-01
   3.9621104e-01   5.3675011e-01
   3.9621104e-01   5.3693009e-01
   3.9621104e-01   5.3708674e-01
   3.9621104e-01   5.3722304e-01
   3.9621104e-01   5.3734157e-01
   3.9621104e-01   5.3744464e-01
   3.9621104e-01   5.3753422e-01
   3.9621104e-01   5.3761205e-01
   3.9621104e-01   5.3767967e-01
   3.9621104e-01   5.3773840e-01
   3.9621104e-01   5.3778940e-01
   3.9621104e-01   5.3783368e-01
   3.9621104e-01   5.3787212e-01
   3.9621104e-01   5.3790549e-01
   3.9621104e-01   5.3793444e-01
   3.9621104e-01   5.3795957e-01
   3.9621104e-01   5.3798137e-01
   3.9621104e-01   5.3800028e-01
   3.9621104e-01   5.3801669e-01
  -6.4373509e-01   5.3803092e-01
  -6.4373509e-01   5.3804327e-01
  -6.4373509e-01   5.3805398e-01
  -6.4373509e-01   5.2536972e-01
  -6.4373509e-01   4.9178213e-01
  -6.4373509e-01   4.4156167e-01
  -6.4373509e-01   3.7730179e-01
  -6.4373509e-01   3.0097534e-01
  -6.4373509e-01   2.1441165e-01
  -6.4373509e-01   1.1949096e-01
  -6.4373509e-01   1.8188308e-02
  -6.4373509e-01  -8.7463531e-02
  -6.4373509e-01  -1.9544890e-01
  -6.4373509e-01  -3.0385361e-01
  -6.4373509e-01  -4.1094046e-01
  -6.4373509e-01  -5.1520567e-01
  -6.4373509e-01  -6.1541232e-01
  -6.4373509e-01  -7.1060158e-01
  -6.4373509e-01  -8.0008501e-01
  -6.4373509e-01  -8.8342300e-01
  -6.4373509e-01  -9.6039407e-01
  -6.4373509e-01  -1.0309598e+00
  -6.4373509e-01  -1.0952287e+00
  -6.4373509e-01  -1.1534218e+00
  -6.4373509e-01  -1.2058417e+00
  -6.4373509e-01  -1.2528457e+00
  -6.4373509e-01  -1.2948233e+00
  -6.4373509e-01  -1.3321785e+00
  -6.4373509e-01  -1.3653159e+00
  -6.4373509e-01  -1.3946305e+00
  -6.4373509e-01  -1.4204999e+00
  -6.4373509e-01  -1.4432801e+00
  -6.4373509e-01  -1.4633021e+00
  -6.4373509e-01  -1.4808706e+00
  -6.4373509e-01  -1.4962638e+00
  -6.4373509e-01  -1.5097337e+00
  -6.4373509e-01  -1.5215073e+00
  -6.4373509e-01  -1.5317880e+00
  -6.4373509e-01  -1.5407573e+00
  -6.4373509e-01  -1.5485764e+00
  -6.4373509e-01  -1.5553883e+00
  -6.4373509e-01  -1.5613192e+00
  -6.4373509e-01  -1.5664804e+00
  -6.4373509e-01  -1.5709697e+00
  -6.4373509e-01  -1.5748729e+00
  -6.4373509e-01  -1.5782655e+00
  -6.4373509e-01  -1.5812132e+00
  -6.4373509e-01  -1.5837738e+00
  -6.4373509e-01  -1.5859975e+00
  -6.4373509e-01  -1.5879283e+00
   9.9816079e-01  -1.5896044e+00
   9.9816079e-01  -1.5910592e+00
   9.9816079e-01  -1.5923217e+00
   9.9816079e-01  -1.5138108e+00
   9.9816079e-01  -1.3245135e+00
   9.9816079e-01  -1.0863890e+00
   9.9816079e-01  -8.4122561e-01
   9.9816079e-01  -6.1233073e-01
   9.9816079e-01  -4.1002682e-01
   9.9816079e-01  -2.3688044e-01
   9.9816079e-01  -9.1439070e-02
   9.9816079e-01   2.9474266e-02
   9.9816079e-01   1.2950113e-01
   9.9816079e-01   2.1213011e-01
   9.9816079e-01   2.8044139e-01
   9.9816079e-01   3.3703928e-01
   9.9816079e-01   3.8407299e-01
   9.9816079e-01   4.2329251e-01
   9.9816079e-01   4.5611318e-01
   9.9816079e-01   4.8367679e-01
   9.9816079e-01   5.0690475e-01
   9.9816079e-01   5.2654217e-01
   9.9816079e-01   5.4319360e-01
   9.9816079e-01   5.5735156e-01
   9.9816079e-01   5.6941909e-01
   9.9816079e-01   5.7972755e-01
   9.9816079e-01   5.8855068e-01
   9.9816079e-01   5.9611564e-01
   9.9816079e-01   6.0261178e-01
   9.9816079e-01   6.0819762e-01
   9.9816079e-01   6.1300635e-01
   9.9816079e-01   6.1715031e-01
   9.9816079e-01   6.2072457e-01
   9.9816079e-01   6.2380981e-01
   9.9816079e-01   6.2647471e-01
   9.9816079e-01   6.2877783e-01
   9.9816079e-01   6.3076927e-01
   9.9816079e-01   6.3249193e-01
   9.9816079e-01   6.3398261e-01
   9.9816079e-01   6.3527294e-01
   9.9816079e-01   6.3639015e-01
   9.9816079e-01   6.3735766e-01
   9.9816079e-01   6.3819570e-01
   9.9816079e-01   6.3892170e-01
   9.9816079e-01   6.3955072e-01
   9.9816079e-01   6.4009578e-01
   9.9816079e-01   6.4056813e-01
   9.9816079e-01   6.4097749e-01
   9.9816079e-01   6.4133230e-01
   9.9816079e-01   6.4163983e-01
  -9.3479836e-01   6.4190639e-01
  -9.3479836e-01   6.4213746e-01
  -9.3479836e-01   6.4233776e-01
  -9.3479836e-01   6.3078668e-01
  -9.3479836e-01   5.9963746e-01
  -9.3479836e-01   5.5226365e-01
  -9.3479836e-01   4.9043104e-01
  -9.3479836e-01   4.1538747e-01
  -9.3479836e-01   3.2837186e-01
  -9.3479836e-01   2.3083890e-01
  -9.3479836e-01   1.2452205e-01
  -9.3479836e-01   1.1398544e-02
  -9.3479836e-01  -1.0640158e-01
  -9.3479836e-01  -2.2671070e-01
  -9.3479836e-01  -3.4743865e-01
  -9.3479836e-01  -4.6667103e-01
  -9.3479836e-01  -5.8274158e-01
  -9.3479836e-01  -6.9427543e-01
  -9.3479836e-01  -8.0020523e-01
  -9.3479836e-01  -8.9976452e-01
  -9.3479836e-01  -9.9246456e-01
  -9.3479836e-01  -1.0780604e+00
  -9.3479836e-01  -1.1565117e+00
  -9.3479836e-01  -1.2279421e+00
  -9.3479836e-01  -1.2926010e+00
  -9.3479836e-01  -1.3508282e+00
  -9.3479836e-01  -1.4030245e+00
  -9.3479836e-01  -1.4496260e+00
  -9.3479836e-01  -1.4910846e+00
  -9.3479836e-01  -1.5278525e+00
  -9.3479836e-01  -1.5603704e+00
  -9.3479836e-01  -1.5890600e+00
  -9.3479836e-01  -1.6143179e+00
  -9.3479836e-01  -1.6365128e+00
  -9.3479836e-01  -1.6559842e+00
  -9.3479836e-01  -1.6730414e+00
  -9.3479836e-01  -1.6879648e+00
  -9.3479836e-01  -1.7010068e+00
  -9.3479836e-01  -1.7123933e+00
  -9.3479836e-01  -1.7223260e+00
  -9.3479836e-01  -1.7309839e+00
  -9.3479836e-01  -1.7385256e+00
  -9.3479836e-01  -1.7450913e+00
  -9.3479836e-01  -1.7508042e+00
  -9.3479836e-01  -1.7557730e+00
  -9.3479836e-01  -1.7600928e+00
  -9.3479836e-01  -1.7638471e+00
  -9.3479836e-01  -1.7671089e+00
  -9.3479836e-01  -1.7699422e+00
  -9.3479836e-01  -1.7724025e+00
   7.6373300e-01  -1.7745386e+00
   7.6373300e-01  -1.7763929e+00
   7.6373300e-01  -1.7780022e+00
   7.6373300e-01  -1.6926648e+00
   7.6373300e-01  -1.4867648e+00
   7.6373300e-01  -1.2280690e+00
   7.6373300e-01  -9.6220185e-01
   7.6373300e-01  -7.1448830e-01
   7.6373300e-01  -4.9602692e-01
   7.6373300e-01  -3.0945855e-01
   7.6373300e-01  -1.5307404e-01
   7.6373300e-01  -2.3324162e-02
   7.6373300e-01   8.3811284e-02
   7.6373300e-01   1.7215897e-01
   7.6373300e-01   2.4508223e-01
   7.6373300e-01   3.0541436e-01
   7.6373300e-01   3.5548625e-01
   7.6373300e-01   3.9719061e-01
   7.6373300e-01   4.3205447e-01
   7.6373300e-01   4.6130696e-01
   7.6373300e-01   4.8593796e-01
   7.6373300e-01   5.0674645e-01
   7.6373300e-01   5.2437962e-01
   7.6373300e-01   5.3936388e-01
   7.6373300e-01   5.5212938e-01
   7.6373300e-01   5.6302935e-01
   7.6373300e-01   5.7235522e-01
   7.6373300e-01   5.8034856e-01
   7.6373300e-01   5.8721057e-01
   7.6373300e-01   5.9310951e-01
   7.6373300e-01   5.9818665e-01
   7.6373300e-01   6.0256108e-01
   7.6373300e-01   6.0633349e-01
   7.6373300e-01   6.0958929e-01
   7.6373300e-01   6.1240115e-01
   7.6373300e-01   6.1483101e-01
   7.6373300e-01   6.1693184e-01
   7.6373300e-01   6.1874896e-01
   7.6373300e-01   6.2032128e-01
   7.6373300e-01   6.2168219e-01
   7.6373300e-01   6.2286044e-01
   7.6373300e-01   6.2388076e-01
   7.6373300e-01   6.2476451e-01
   7.6373300e-01   6.2553008e-01
   7.6373300e-01   6.2619337e-01
   7.6373300e-01   6.2676810e-01
   7.6373300e-01   6.2726615e-01
   7.6373300e-01   6.2769779e-01
   7.6373300e-01   6.2807188e-01
   7.6373300e-01   6.2839613e-01
  -6.1913347e-01   6.2867719e-01
  -6.1913347e-01   6.2892081e-01
  -6.1913347e-01   6.2913199e-01
  -6.1913347e-01   6.1785995e-01
  -6.1913347e-01   5.8753849e-01
  -6.1913347e-01   5.4167157e-01
  -6.1913347e-01   4.8221405e-01
  -6.1913347e-01   4.1059838e-01
  -6.1913347e-01   3.2820732e-01
  -6.1913347e-01   2.3657569e-01
  -6.1913347e-01   1.3744171e-01
  -6.1913347e-01   3.2711005e-02
  -6.1913347e-01  -7.5625925e-02
  -6.1913347e-01  -1.8559357e-01
  -6.1913347e-01  -2.9532744e-01
  -6.1913347e-01  -4.0315285e-01
  -6.1913347e-01  -5.0763964e-01
  -6.1913347e-01  -6.0763149e-01
  -6.1913347e-01  -7.0225215e-01
  -6.1913347e-01  -7.9089335e-01
  -6.1913347e-01  -8.7318965e-01
  -6.1913347e-01  -9.4898540e-01
  -6.1913347e-01  -1.0182984e+00
  -6.1913347e-01  -1.0812834e+00
  -6.1913347e-01  -1.1381983e+00
  -6.1913347e-01  -1.1893737e+00
  -6.1913347e-01  -1.2351871e+00
  -6.1913347e-01  -1.2760420e+00
  -6.1913347e-01  -1.3123510e+00
  -6.1913347e-01  -1.3445231e+00
  -6.1913347e-01  -1.3729543e+00
  -6.1913347e-01  -1.3980212e+00
  -6.1913347e-01  -1.4200766e+00
  -6.1913347e-01  -1.4394475e+00
  -6.1913347e-01  -1.4564336e+00
  -6.1913347e-01  -1.4713079e+00
  -6.1913347e-01  -1.4843171e+00
  -6.1913347e-01  -1.4956827e+00
  -6.1913347e-01  -1.5056032e+00
  -6.1913347e-01  -1.5142551e+00
  -6.1913347e-01  -1.5217951e+00
  -6.1913347e-01  -1.5283619e+00
  -6.1913347e-01  -1.5340780e+00
  -6.1913347e-01  -1.5390511e+00
  -6.1913347e-01  -1.5433759e+00
  -6.1913347e-01  -1.5471355e+00
  -6.1913347e-01  -1.5504026e+00
  -6.1913347e-01  -1.5532410e+00
  -6.1913347e-01  -1.5557063e+00
  -6.1913347e-01  -1.5578470e+00
  -7.8548125e-02  -1.5597055e+00
  -7.8548125e-02  -1.5613187e+00
  -7.8548125e-02  -1.5627188e+00
  -7.8548125e-02  -1.5339076e+00
  -7.8548125e-02  -1.4607191e+00
  -7.8548125e-02  -1.3628143e+00
  -7.8548125e-02  -1.2542691e+00
  -7.8548125e-02  -1.1443653e+00
  -7.8548125e-02  -1.0387534e+00
  -7.8548125e-02  -9.4054251e-01
  -7.8548125e-02  -8.5116669e-01
  -7.8548125e-02  -7.7101253e-01
  -7.8548125e-02  -6.9984857e-01
  -7.8548125e-02  -6.3710646e-01
  -7.8548125e-02  -5.8205819e-01
  -7.8548125e-02  -5.3392383e-01
  -7.8548125e-02  -4.9193400e-01
  -7.8548125e-02  -4.5536380e-01
  -7.8548125e-02  -4.2354909e-01
  -7.8548125e-02  -3.9589228e-01
  -7.8548125e-02  -3.7186202e-01
  -7.8548125e-02  -3.5098964e-01
  -7.8548125e-02  -3.3286403e-01
  -7.8548125e-02  -3.1712585e-01
  -7.8548125e-02  -3.0346181e-01
  -7.8548125e-02  -2.9159924e-01
  -7.8548125e-02  -2.8130103e-01
  -7.8548125e-02  -2.7236116e-01
  -7.8548125e-02  -2.6460068e-01
  -7.8548125e-02  -2.5786420e-01
  -7.8548125e-02  -2.5201679e-01
  -7.8548125e-02  -2.4694129e-01
  -7.8548125e-02  -2.4253598e-01
  -7.8548125e-02  -2.3871253e-01
  -7.8548125e-02  -2.3539424e-01
  -7.8548125e-02  -2.3251451e-01
  -7.8548125e-02  -2.3001550e-01
  -7.8548125e-02  -2.2784700e-01
  -7.8548125e-02  -2.2596539e-01
  -7.8548125e-02  -2.2433280e-01
  -7.8548125e-02  -2.2291635e-01
  -7.8548125e-02  -2.2168750e-01
  -7.8548125e-02  -2.2062144e-01
  -7.8548125e-02  -2.1969666e-01
  -7.8548125e-02  -2.1889447e-01
  -7.8548125e-02  -2.1819865e-01
  -7.8548125e-02  -2.1759512e-01
  -7.8548125e-02  -2.1707167e-01
  -7.8548125e-02  -2.1661768e-01
  -7.8548125e-02  -2.1622396e-01
  -6.8719010e-01  -2.1588251e-01
  -6.8719010e-01  -2.1558640e-01
  -6.8719010e-01  -2.1532962e-01
  -6.8719010e-01  -2.3004634e-01
  -6.8719010e-01  -2.6835685e-01
  -6.8719010e-01  -3.2322206e-01
  -6.8719010e-01  -3.8965252e-01
  -6.8719010e-01  -4.6385861e-01
  -6.8719010e-01  -5.4282816e-01
  -6.8719010e-01  -6.2411328e-01
  -6.8719010e-01  -7.0571956e-01
  -6.8719010e-01  -7.8604274e-01
  -6.8719010e-01  -8.6382509e-01
  -6.8719010e-01  -9.3811825e-01
  -6.8719010e-01  -1.0082467e+00
  -6.8719010e-01  -1.0737708e+00
  -6.8719010e-01  -1.1344492e+00
  -6.8719010e-01  -1.1902028e+00
  -6.8719010e-01  -1.2410806e+00
  -6.8719010e-01  -1.2872293e+00
  -6.8719010e-01  -1.3288660e+00
  -6.8719010e-01  -1.3662559e+00
  -6.8719010e-01  -1.3996933e+00
  -6.8719010e-01  -1.4294869e+00
  -6.8719010e-01  -1.4559485e+00
  -6.8719010e-01  -1.4793840e+00
  -6.8719010e-01  -1.5000873e+00
  -6.8719010e-01  -1.5183368e+00
  -6.8719010e-01  -1.5343918e+00
  -6.8719010e-01  -1.5484919e+00
  -6.8719010e-01  -1.5608564e+00
  -6.8719010e-01  -1.5716845e+00
  -6.8719010e-01  -1.5811558e+00
  -6.8719010e-01  -1.5894318e+00
  -6.8719010e-01  -1.5966566e+00
  -6.8719010e-01  -1.6029586e+00
  -6.8719010e-01  -1.6084519e+00
  -6.8719010e-01  -1.6132370e+00
  -6.8719010e-01  -1.6174031e+00
  -6.8719010e-01  -1.6210284e+00
  -6.8719010e-01  -1.6241817e+00
  -6.8719010e-01  -1.6269234e+00
  -6.8719010e-01  -1.6293065e+00
  -6.8719010e-01  -1.6313772e+00
  -6.8719010e-01  -1.6331759e+00
  -6.8719010e-01  -1.6347381e+00
  -6.8719010e-01  -1.6360946e+00
  -6.8719010e-01  -1.6372722e+00
  -6.8719010e-01  -1.6382944e+00
  -6.8719010e-01  -1.6391815e+00
   2.8952907e-01  -1.6399513e+00
   2.8952907e-01  -1.6406192e+00
   2.8952907e-01  -1.6411987e+00
   2.8952907e-01  -1.5762695e+00
   2.8952907e-01  -1.4187018e+00
   2.8952907e-01  -1.2170421e+00
   2.8952907e-01  -1.0047395e+00
   2.8952907e-01  -8.0152718e-01
   2.8952907e-01  -6.1721182e-01
   2.8952907e-01  -4.5534130e-01
   2.8952907e-01  -3.1593708e-01
   2.8952907e-01  -1.9727011e-01
   2.8952907e-01  -9.6911513e-02
   2.8952907e-01  -1.2304408e-02
   2.8952907e-01   5.8954528e-02
   2.8952907e-01   1.1899798e-01
   2.8952907e-01   1.6965833e-01
   2.8952907e-01   2.1248075e-01
   2.8952907e-01   2.4875434e-01
   2.8952907e-01   2.7954855e-01
   2.8952907e-01   3.0574851e-01
   2.8952907e-01   3.2808673e-01
   2.8952907e-01   3.4717016e-01
   2.8952907e-01   3.6350287e-01
   2.8952907e-01   3.7750461e-01
   2.8952907e-01   3.8952606e-01
   2.8952907e-01   3.9986109e-01
   2.8952907e-01   4.0875682e-01
   2.8952907e-01   4.1642169e-01
   2.8952907e-01   4.2303203e-01
   2.8952907e-01   4.2873748e-01
   2.8952907e-01   4.3366529e-01
   2.8952907e-01   4.3792401e-01
   2.8952907e-01   4.4160637e-01
   2.8952907e-01   4.4479176e-01
   2.8952907e-01   4.4754830e-01
   2.8952907e-01   4.4993449e-01
   2.8952907e-01   4.5200064e-01
   2.8952907e-01   4.5379008e-01
   2.8952907e-01   4.5534017e-01
   2.8952907e-01   4.5668314e-01
   2.8952907e-01   4.5784683e-01
   2.8952907e-01   4.5885527e-01
   2.8952907e-01   4.5972926e-01
   2.8952907e-01   4.6048679e-01
   2.8952907e-01   4.6114340e-01
   2.8952907e-01   4.6171258e-01
   2.8952907e-01   4.6220599e-01
   2.8952907e-01   4.6263372e-01
   2.8952907e-01   4.6300452e-01
  -6.1815261e-01   4.6332599e-01
  -6.1815261e-01   4.6360468e-01
  -6.1815261e-01   4.6384629e-01
  -6.1815261e-01   4.5068948e-01
  -6.1815261e-01   4.1566539e-01
  -6.1815261e-01   3.6360086e-01
  -6.1815261e-01   2.9756081e-01
  -6.1815261e-01   2.1990315e-01
  -6.1815261e-01   1.3275138e-01
  -6.1815261e-01   3.8184598e-02
  -6.1815261e-01  -6.1718657e-02
  -6.1815261e-01  -1.6491074e-01
  -6.1815261e-01  -2.6943667e-01
  -6.1815261e-01  -3.7350086e-01
  -6.1815261e-01  -4.7552316e-01
  -6.1815261e-01  -5.7417650e-01
  -6.1815261e-01  -6.6840407e-01
  -6.1815261e-01  -7.5741787e-01
  -6.1815261e-01  -8.4068228e-01
  -6.1815261e-01  -9.1788731e-01
  -6.1815261e-01  -9.8891594e-01
  -6.1815261e-01  -1.0538092e+00
  -6.1815261e-01  -1.1127321e+00
  -6.1815261e-01  -1.1659417e+00
  -6.1815261e-01  -1.2137597e+00
  -6.1815261e-01  -1.2565487e+00
  -6.1815261e-01  -1.2946929e+00
  -6.1815261e-01  -1.3285831e+00
  -6.1815261e-01  -1.3586051e+00
  -6.1815261e-01  -1.3851315e+00
  -6.1815261e-01  -1.4085158e+00
  -6.1815261e-01  -1.4290887e+00
  -6.1815261e-01  -1.4471562e+00
  -6.1815261e-01  -1.4629986e+00
  -6.1815261e-01  -1.4768709e+00
  -6.1815261e-01  -1.4890036e+00
  -6.1815261e-01  -1.4996035e+00
  -6.1815261e-01  -1.5088556e+00
  -6.1815261e-01  -1.5169247e+00
  -6.1815261e-01  -1.5239569e+00
  -6.1815261e-01  -1.5300817e+00
  -6.1815261e-01  -1.5354131e+00
  -6.1815261e-01  -1.5400517e+00
  -6.1815261e-01  -1.5440857e+00
  -6.1815261e-01  -1.5475926e+00
  -6.1815261e-01  -1.5506403e+00
  -6.1815261e-01  -1.5532881e+00
  -6.1815261e-01  -1.5555879e+00
  -6.1815261e-01  -1.5575850e+00
  -6.1815261e-01  -1.5593188e+00
  -3.5955878e-02  -1.5608239e+00
  -3.5955878e-02  -1.5621301e+00
  -3.5955878e-02  -1.5632637e+00
  -3.5955878e-02  -1.5300977e+00
  -3.5955878e-02  -1.4467628e+00
  -3.5955878e-02  -1.3360024e+00
  -3.5955878e-02  -1.2140352e+00
  -3.5955878e-02  -1.0914200e+00
  -3.5955878e-02  -9.7444312e-01
  -3.5955878e-02  -8.6643545e-01
  -3.5955878e-02  -7.6881402e-01
  -3.5955878e-02  -6.8182802e-01
  -3.5955878e-02  -6.0506066e-01
  -3.5955878e-02  -5.3775107e-01
  -3.5955878e-02  -4.7899219e-01
  -3.5955878e-02  -4.2784712e-01
  -3.5955878e-02  -3.8341376e-01
  -3.5955878e-02  -3.4485752e-01
  -3.5955878e-02  -3.1142492e-01
  -3.5955878e-02  -2.8244629e-01
  -3.5955878e-02  -2.5733253e-01
  -3.5955878e-02  -2.3556882e-01
  -3.5955878e-02  -2.1670719e-01
  -3.5955878e-02  -2.0035895e-01
  -3.5955878e-02  -1.8618734e-01
  -3.5955878e-02  -1.7390091e-01
  -3.5955878e-02  -1.6324751e-01
  -3.5955878e-02  -1.5400897e-01
  -3.5955878e-02  -1.4599657e-01
  -3.5955878e-02  -1.3904698e-01
  -3.5955878e-02  -1.3301879e-01
  -3.5955878e-02  -1.2778956e-01
  -3.5955878e-02  -1.2325322e-01
  -3.5955878e-02  -1.1931787e-01
  -3.5955878e-02  -1.1590384e-01
  -3.5955878e-02  -1.1294206e-01
  -3.5955878e-02  -1.1037264e-01
  -3.5955878e-02  -1.0814362e-01
  -3.5955878e-02  -1.0620995e-01
  -3.5955878e-02  -1.0453253e-01
  -3.5955878e-02  -1.0307744e-01
  -3.5955878e-02  -1.0181524e-01
  -3.5955878e-02  -1.0072041e-01
  -3.5955878e-02  -9.9770771e-02
  -3.5955878e-02  -9.8947103e-02
  -3.5955878e-02  -9.8232716e-02
  -3.5955878e-02  -9.7613130e-02
  -3.5955878e-02  -9.7075783e-02
  -3.5955878e-02  -9.6609772e-02
  -3.5955878e-02  -9.6205639e-02
   1.7901497e-01  -9.5855176e-02
   1.7901497e-01  -9.5551265e-02
   1.7901497e-01  -9.5287729e-02
   1.7901497e-01  -8.6320701e-02
   1.7901497e-01  -6.4390231e-02
   1.7901497e-01  -3.4987538e-02
   1.7901497e-01  -2.0603695e-03
   1.7901497e-01   3.1722298e-02
   1.7901497e-01   6.4661418e-02
   1.7901497e-01   9.5751504e-02
   1.7901497e-01   1.2446129e-01
   1.7901497e-01   1.5057133e-01
   1.7901497e-01   1.7405913e-01
   1.7901497e-01   1.9502055e-01
   1.7901497e-01   2.1361758e-01
   1.7901497e-01   2.3004432e-01
   1.7901497e-01   2.4450565e-01
   1.7901497e-01   2.5720417e-01
   1.7901497e-01   2.6833265e-01
   1.7901497e-01   2.7807002e-01
   1.7901497e-01   2.8657963e-01
   1.7901497e-01   2.9400887e-01
   1.7901497e-01   3.0048963e-01
   1.7901497e-01   3.0613917e-01
   1.7901497e-01   3.1106132e-01
   1.7901497e-01   3.1534764e-01
   1.7901497e-01   3.1907872e-01
   1.7901497e-01   3.2232528e-01
   1.7901497e-01   3.2514934e-01
   1.7901497e-01   3.2760516e-01
   1.7901497e-01   3.2974020e-01
   1.7901497e-01   3.3159593e-01
   1.7901497e-01   3.3320854e-01
   1.7901497e-01   3.3460960e-01
   1.7901497e-01   3.3582665e-01
   1.7901497e-01   3.3688368e-01
   1.7901497e-01   3.3780159e-01
   1.7901497e-01   3.3859856e-01
   1.7901497e-01   3.3929046e-01
   1.7901497e-01   3.3989105e-01
   1.7901497e-01   3.4041234e-01
   1.7901497e-01   3.4086474e-01
   1.7901497e-01   3.4125732e-01
   1.7901497e-01   3.4159796e-01
   1.7901497e-01   3.4189351e-01
   1.7901497e-01   3.4214992e-01
   1.7901497e-01   3.4237235e-01
   1.7901497e-01   3.4256530e-01
   1.7901497e-01   3.4273267e-01
   1.7901497e-01   3.4287783e-01
  -2.3076175e-01   3.4300374e-01
  -2.3076175e-01   3.4311293e-01
  -2.3076175e-01   3.4320763e-01
  -2.3076175e-01   3.3347917e-01
  -2.3076175e-01   3.0814674e-01
  -2.3076175e-01   2.7161106e-01
  -2.3076175e-01   2.2695285e-01
  -2.3076175e-01   1.7653323e-01
  -2.3076175e-01   1.2227867e-01
  -2.3076175e-01   6.5812902e-02
  -2.3076175e-01   8.5149615e-03
  -2.3076175e-01  -4.8456097e-02
  -2.3076175e-01  -1.0414881e-01
  -2.3076175e-01  -1.5780878e-01
  -2.3076175e-01  -2.0886551e-01
  -2.3076175e-01  -2.5691554e-01
  -2.3076175e-01  -3.0170241e-01
  -2.3076175e-01  -3.4309484e-01
  -2.3076175e-01  -3.8106446e-01
  -2.3076175e-01  -4.1566443e-01
  -2.3076175e-01  -4.4700983e-01
  -2.3076175e-01  -4.7526029e-01
  -2.3076175e-01  -5.0060531e-01
  -2.3076175e-01  -5.2325210e-01
  -2.3076175e-01  -5.4341592e-01
  -2.3076175e-01  -5.6131261e-01
  -2.3076175e-01  -5.7715302e-01
  -2.3076175e-01  -5.9113914e-01
  -2.3076175e-01  -6.0346137e-01
  -2.3076175e-01  -6.1429701e-01
  -2.3076175e-01  -6.2380941e-01
  -2.3076175e-01  -6.3214782e-01
  -2.3076175e-01  -6.3944759e-01
  -2.3076175e-01  -6.4583075e-01
  -2.3076175e-01  -6.5140673e-01
  -2.3076175e-01  -6.5627325e-01
  -2.3076175e-01  -6.6051724e-01
  -2.3076175e-01  -6.6421576e-01
  -2.3076175e-01  -6.6743693e-01
  -2.3076175e-01  -6.7024086e-01
  -2.3076175e-01  -6.7268041e-01
  -2.3076175e-01  -6.7480206e-01
  -2.3076175e-01  -6.7664654e-01
  -2.3076175e-01  -6.7824953e-01
  -2.3076175e-01  -6.7964225e-01
  -2.3076175e-01  -6.8085197e-01
  -2.3076175e-01  -6.8190250e-01
  -2.3076175e-01  -6.8281460e-01
  -2.3076175e-01  -6.8360638e-01
  -2.3076175e-01  -6.8429359e-01
  -4.9638776e-01  -6.8488997e-01
  -4.9638776e-01  -6.8540747e-01
  -4.9638776e-01  -6.8585645e-01
  -4.9638776e-01  -6.9538130e-01
  -4.9638776e-01  -7.1899384e-01
  -4.9638776e-01  -7.5189434e-01
  -4.9638776e-01  -7.9061545e-01
  -4.9638776e-01  -8.3260296e-01
  -4.9638776e-01  -8.7596170e-01
  -4.9638776e-01  -9.1929155e-01
  -4.9638776e-01  -9.6157462e-01
  -4.9638776e-01  -1.0020925e+00
  -4.9638776e-01  -1.0403625e+00
  -4.9638776e-01  -1.0760864e+00
  -4.9638776e-01  -1.1091089e+00
  -4.9638776e-01  -1.1393836e+00
  -4.9638776e-01  -1.1669447e+00
  -4.9638776e-01  -1.1918843e+00
  -4.9638776e-01  -1.2143343e+00
  -4.9638776e-01  -1.2344520e+00
  -4.9638776e-01  -1.2524085e+00
  -4.9638776e-01  -1.2683809e+00
  -4.9638776e-01  -1.2825455e+00
  -4.9638776e-01  -1.2950738e+00
  -4.9638776e-01  -1.3061290e+00
  -4.9638776e-01  -1.3158644e+00
  -4.9638776e-01  -1.3244221e+00
  -4.9638776e-01  -1.3319326e+00
  -4.9638776e-01  -1.3385148e+00
  -4.9638776e-01  -1.3442763e+00
  -4.9638776e-01  -1.3493139e+00
  -4.9638776e-01  -1.3537144e+00
  -4.9638776e-01  -1.3575550e+00
  -4.9638776e-01  -1.3609044e+00
  -4.9638776e-01  -1.3638235e+00
  -4.9638776e-01  -1.3663660e+00
  -4.9638776e-01  -1.3685794e+00
  -4.9638776e-01  -1.3705054e+00
  -4.9638776e-01  -1.3721806e+00
  -4.9638776e-01  -1.3736371e+00
  -4.9638776e-01  -1.3749031e+00
  -4.9638776e-01  -1.3760031e+00
  -4.9638776e-01  -1.3769587e+00
  -4.9638776e-01  -1.3777887e+00
  -4.9638776e-01  -1.3785094e+00
  -4.9638776e-01  -1.3791350e+00
  -4.9638776e-01  -1.3796781e+00
  -4.9638776e-01  -1.3801495e+00
  -4.9638776e-01  -1.3805586e+00
  -4.9638776e-01  -1.3809135e+00
   2.3418177e-01  -1.3812214e+00
   2.3418177e-01  -1.3814886e+00
   2.3418177e-01  -1.3817203e+00
   2.3418177e-01  -1.3302261e+00
   2.3418177e-01  -1.2048961e+00
   2.3418177e-01  -1.0430748e+00
   2.3418177e-01  -8.7074941e-01
   2.3418177e-01  -7.0367585e-01
   2.3418177e-01  -5.5010589e-01
   2.3418177e-01  -4.1343492e-01
   2.3418177e-01  -2.9421157e-01
   2.3418177e-01  -1.9148069e-01
   2.3418177e-01  -1.0360706e-01
   2.3418177e-01  -2.8745317e-02
   2.3418177e-01   3.4911980e-02
   2.3418177e-01   8.9017575e-02
   2.3418177e-01   1.3502621e-01
   2.3418177e-01   1.7419002e-01
   2.3418177e-01   2.0757258e-01
   2.3418177e-01   2.3607046e-01
   2.3418177e-01   2.6043647e-01
   2.3418177e-01   2.8130175e-01
   2.3418177e-01   2.9919548e-01
   2.3418177e-01   3.1456184e-01
   2.3418177e-01   3.2777436e-01
   2.3418177e-01   3.3914781e-01
   2.3418177e-01   3.4894811e-01
   2.3418177e-01   3.5740045e-01
   2.3418177e-01   3.6469602e-01
   2.3418177e-01   3.7099748e-01
   2.3418177e-01   3.7644357e-01
   2.3418177e-01   3.8115285e-01
   2.3418177e-01   3.8522683e-01
   2.3418177e-01   3.8875255e-01
   2.3418177e-01   3.9180479e-01
   2.3418177e-01   3.9444787e-01
   2.3418177e-01   3.9673717e-01
   2.3418177e-01   3.9872042e-01
   2.3418177e-01   4.0043883e-01
   2.3418177e-01   4.0192795e-01
   2.3418177e-01   4.0321853e-01
   2.3418177e-01   4.0433714e-01
   2.3418177e-01   4.0530677e-01
   2.3418177e-01   4.0614730e-01
   2.3418177e-01   4.0687595e-01
   2.3418177e-01   4.0750765e-01
   2.3418177e-01   4.0805531e-01
   2.3418177e-01   4.0853012e-01
   2.3418177e-01   4.0894177e-01
   2.3418177e-01   4.0929867e-01
   6.4875253e-01   4.0960810e-01
   6.4875253e-01   4.0987638e-01
   6.4875253e-01   4.1010899e-01
   6.4875253e-01   4.1425139e-01
   6.4875253e-01   4.2424764e-01
   6.4875253e-01   4.3765917e-01
   6.4875253e-01   4.5273058e-01
   6.4875253e-01   4.6826480e-01
   6.4875253e-01   4.8348810e-01
   6.4875253e-01   4.9793155e-01
   6.4875253e-01   5.1133730e-01
   6.4875253e-01   5.2358865e-01
   6.4875253e-01   5.3466011e-01
   6.4875253e-01   5.4458264e-01
   6.4875253e-01   5.5342015e-01
   6.4875253e-01   5.6125388e-01
   6.4875253e-01   5.6817231e-01
   6.4875253e-01   5.7426477e-01
   6.4875253e-01   5.7961759e-01
   6.4875253e-01   5.8431193e-01
   6.4875253e-01   5.8842264e-01
   6.4875253e-01   5.9201785e-01
   6.4875253e-01   5.9515900e-01
   6.4875253e-01   5.9790105e-01
   6.4875253e-01   6.0029297e-01
   6.4875253e-01   6.0237812e-01
   6.4875253e-01   6.0419487e-01
   6.4875253e-01   6.0577699e-01
   6.4875253e-01   6.0715419e-01
   6.4875253e-01   6.0835256e-01
   6.4875253e-01   6.0939498e-01
   6.4875253e-01   6.1030145e-01
   6.4875253e-01   6.1108949e-01
   6.4875253e-01   6.1177440e-01
   6.4875253e-01   6.1236954e-01
   6.4875253e-01   6.1288657e-01
   6.4875253e-01   6.1333565e-01
   6.4875253e-01   6.1372566e-01
   6.4875253e-01   6.1406430e-01
   6.4875253e-01   6.1435830e-01
   6.4875253e-01   6.1461351e-01
   6.4875253e-01   6.1483502e-01
   6.4875253e-01   6.1502726e-01
   6.4875253e-01   6.1519409e-01
   6.4875253e-01   6.1533884e-01
   6.4875253e-01   6.1546443e-01
   6.4875253e-01   6.1557338e-01
   6.4875253e-01   6.1566790e-01
   6.4875253e-01   6.1574989e-01
   6.4875253e-01   6.1582101e-01
   4.6049758e-01   6.1588269e-01
   4.6049758e-01   6.1593619e-01
   4.6049758e-01   6.1598258e-01
   4.6049758e-01   6.1530097e-01
   4.6049758e-01   6.1350891e-01
   4.6049758e-01   6.1100756e-01
   4.6049758e-01   6.0808747e-01
   4.6049758e-01   6.0495842e-01
   4.6049758e-01   6.0177031e-01
   4.6049758e-01   5.9862829e-01
   4.6049758e-01   5.9560393e-01
   4.6049758e-01   5.9274370e-01
   4.6049758e-01   5.9007534e-01
   4.6049758e-01   5.8761288e-01
   4.6049758e-01   5.8536041e-01
   4.6049758e-01   5.8331500e-01
   4.6049758e-01   5.8146890e-01
   4.6049758e-01   5.7981127e-01
   4.6049758e-01   5.7832939e-01
   4.6049758e-01   5.7700960e-01
   4.6049758e-01   5.7583800e-01
   4.6049758e-01   5.7480088e-01
   4.6049758e-01   5.7388503e-01
   4.6049758e-01   5.7307802e-01
   4.6049758e-01   5.7236824e-01
   4.6049758e-01   5.7174500e-01
   4.6049758e-01   5.7119854e-01
   4.6049758e-01   5.7072001e-01
   4.6049758e-01   5.7030144e-01
   4.6049758e-01   5.6993567e-01
   4.6049758e-01   5.6961633e-01
   4.6049758e-01   5.6933774e-01
   4.6049758e-01   5.6909486e-01
   4.6049758e-01   5.6888326e-01
   4.6049758e-01   5.6869899e-01
   4.6049758e-01   5.6853862e-01
   4.6049758e-01   5.6839909e-01
   4.6049758e-01   5.6827775e-01
   4.6049758e-01   5.6817226e-01
   4.6049758e-01   5.6808058e-01
   4.6049758e-01   5.6800092e-01
   4.6049758e-01   5.6793173e-01
   4.6049758e-01   5.6787163e-01
   4.6049758e-01   5.6781946e-01
   4.6049758e-01   5.6777416e-01
   4.6049758e-01   5.6773484e-01
   4.6049758e-01   5.6770071e-01
   4.6049758e-01   5.6767110e-01
   4.6049758e-01   5.6764540e-01
   4.6049758e-01   5.6762310e-01
   1.6813867e-01   5.6760376e-01
   1.6813867e-01   5.6758699e-01
   1.6813867e-01   5.6757243e-01
   1.6813867e-01   5.6456637e-01
   1.6813867e-01   5.5691058e-01
   1.6813867e-01   5.4614510e-01
   1.6813867e-01   5.3337929e-01
   1.6813867e-01   5.1943643e-01
   1.6813867e-01   5.0493679e-01
   1.6813867e-01   4.9034845e-01
   1.6813867e-01   4.7602078e-01
   1.6813867e-01   4.6220834e-01
   1.6813867e-01   4.4908924e-01
   1.6813867e-01   4.3678013e-01
   1.6813867e-01   4.2534866e-01
   1.6813867e-01   4.1482416e-01
   1.6813867e-01   4.0520663e-01
   1.6813867e-01   3.9647429e-01
   1.6813867e-01   3.8858984e-01
   1.6813867e-01   3.8150551e-01
   1.6813867e-01   3.7516713e-01
   1.6813867e-01   3.6951724e-01
   1.6813867e-01   3.6449748e-01
   1.6813867e-01   3.6005037e-01
   1.6813867e-01   3.5612052e-01
   1.6813867e-01   3.5265548e-01
   1.6813867e-01   3.4960624e-01
   1.6813867e-01   3.4692755e-01
   1.6813867e-01   3.4457796e-01
   1.6813867e-01   3.4251980e-01
   1.6813867e-01   3.4071906e-01
   1.6813867e-01   3.3914521e-01
   1.6813867e-01   3.3777092e-01
   1.6813867e-01   3.3657188e-01
   1.6813867e-01   3.3552650e-01
   1.6813867e-01   3.3461567e-01
   1.6813867e-01   3.3382253e-01
   1.6813867e-01   3.3313221e-01
   1.6813867e-01   3.3253165e-01
   1.6813867e-01   3.3200940e-01
   1.6813867e-01   3.3155539e-01
   1.6813867e-01   3.3116083e-01
   1.6813867e-01   3.3081803e-01
   1.6813867e-01   3.3052028e-01
   1.6813867e-01   3.3026171e-01
   1.6813867e-01   3.3003721e-01
   1.6813867e-01   3.2984232e-01
   1.6813867e-01   3.2967317e-01
   1.6813867e-01   3.2952637e-01
   1.6813867e-01   3.2939898e-01
   8.1261630e-01   3.2928846e-01
   8.1261630e-01   3.2919257e-01
   8.1261630e-01   3.2910939e-01
   8.1261630e-01   3.3540910e-01
   8.1261630e-01   3.5115662e-01
   8.1261630e-01   3.7227831e-01
   8.1261630e-01   3.9584925e-01
   8.1261630e-01   4.1991112e-01
   8.1261630e-01   4.4323897e-01
   8.1261630e-01   4.6512794e-01
   8.1261630e-01   4.8522369e-01
   8.1261630e-01   5.0339783e-01
   8.1261630e-01   5.1966093e-01
   8.1261630e-01   5.3410408e-01
   8.1261630e-01   5.4686082e-01
   8.1261630e-01   5.5808304e-01
   8.1261630e-01   5.6792629e-01
   8.1261630e-01   5.7654115e-01
   8.1261630e-01   5.8406862e-01
   8.1261630e-01   5.9063783e-01
   8.1261630e-01   5.9636538e-01
   8.1261630e-01   6.0135546e-01
   8.1261630e-01   6.0570055e-01
   8.1261630e-01   6.0948228e-01
   8.1261630e-01   6.1277246e-01
   8.1261630e-01   6.1563409e-01
   8.1261630e-01   6.1812233e-01
   8.1261630e-01   6.2028539e-01
   8.1261630e-01   6.2216540e-01
   8.1261630e-01   6.2379909e-01
   8.1261630e-01   6.2521849e-01
   8.1261630e-01   6.2645153e-01
   8.1261630e-01   6.2752250e-01
   8.1261630e-01   6.2845260e-01
   8.1261630e-01   6.2926025e-01
   8.1261630e-01   6.2996148e-01
   8.1261630e-01   6.3057025e-01
   8.1261630e-01   6.3109869e-01
   8.1261630e-01   6.3155736e-01
   8.1261630e-01   6.3195544e-01
   8.1261630e-01   6.3230089e-01
   8.1261630e-01   6.3260066e-01
   8.1261630e-01   6.3286075e-01
   8.1261630e-01   6.3308642e-01
   8.1261630e-01   6.3328219e-01
   8.1261630e-01   6.3345202e-01
   8.1261630e-01   6.3359934e-01
   8.1261630e-01   6.3372713e-01
   8.1261630e-01   6.3383796e-01
   8.1261630e-01   6.3393409e-01
   6.3552112e-01   6.3401747e-01
   6.3552112e-01   6.3408977e-01
   6.3552112e-01   6.3415247e-01
   6.3552112e-01   6.3389401e-01
   6.3552112e-01   6.3315085e-01
   6.3552112e-01   6.3210002e-01
   6.3552112e-01   6.3086983e-01
   6.3552112e-01   6.2955244e-01
   6.3552112e-01   6.2821305e-01
   6.3552112e-01   6.2689675e-01
   6.3552112e-01   6.2563368e-01
   6.3552112e-01   6.2444291e-01
   6.3552112e-01   6.2333543e-01
   6.3552112e-01   6.2231639e-01
   6.3552112e-01   6.2138678e-01
   6.3552112e-01   6.2054473e-01
   6.3552112e-01   6.1978647e-01
   6.3552112e-01   6.1910701e-01
   6.3552112e-01   6.1850070e-01
   6.3552112e-01   6.1796161e-01
   6.3552112e-01   6.1748375e-01
   6.3552112e-01   6.1706128e-01
   6.3552112e-01   6.1668865e-01
   6.3552112e-01   6.1636063e-01
   6.3552112e-01   6.1607238e-01
   6.3552112e-01   6.1581948e-01
   6.3552112e-01   6.1559788e-01
   6.3552112e-01   6.1540395e-01
   6.3552112e-01   6.1523440e-01
   6.3552112e-01   6.1508631e-01
   6.3552112e-01   6.1495707e-01
   6.3552112e-01   6.1484436e-01
   6.3552112e-01   6.1474613e-01
   6.3552112e-01   6.1466056e-01
   6.3552112e-01   6.1458607e-01
   6.3552112e-01   6.1452125e-01
   6.3552112e-01   6.1446487e-01
   6.3552112e-01   6.1441584e-01
   6.3552112e-01   6.1437323e-01
   6.3552112e-01   6.1433619e-01
   6.3552112e-01   6.1430402e-01
   6.3552112e-01   6.1427607e-01
   6.3552112e-01   6.1425180e-01
   6.3552112e-01   6.1423073e-01
   6.3552112e-01   6.1421244e-01
   6.3552112e-01   6.1419656e-01
   6.3552112e-01   6.1418278e-01
   6.3552112e-01   6.1417082e-01
   6.3552112e-01   6.1416045e-01
   6.3552112e-01   6.1415145e-01
   1.8871250e-01   6.1414364e-01
   1.8871250e-01   6.1413687e-01
   1.8871250e-01   6.1413099e-01
   1.8871250e-01   6.1102215e-01
   1.8871250e-01   6.0307574e-01
   1.8871250e-01   5.9186063e-01
   1.8871250e-01   5.7850433e-01
   1.8871250e-01   5.6384813e-01
   1.8871250e-01   5.4853316e-01
   1.8871250e-01   5.3305094e-01
   1.8871250e-01   5.1777535e-01
   1.8871250e-01   5.0298495e-01
   1.8871250e-01   4.8887999e-01
   1.8871250e-01   4.7559641e-01
   1.8871250e-01   4.6321786e-01
   1.8871250e-01   4.5178619e-01
   1.8871250e-01   4.4131057e-01
   1.8871250e-01   4.3177539e-01
   1.8871250e-01   4.2314688e-01
   1.8871250e-01   4.1537867e-01
   1.8871250e-01   4.0841621e-01
   1.8871250e-01   4.0220041e-01
   1.8871250e-01   3.9667032e-01
   1.8871250e-01   3.9176519e-01
   1.8871250e-01   3.8742601e-01
   1.8871250e-01   3.8359650e-01
   1.8871250e-01   3.8022380e-01
   1.8871250e-01   3.7725884e-01
   1.8871250e-01   3.7465653e-01
   1.8871250e-01   3.7237576e-01
   1.8871250e-01   3.7037932e-01
   1.8871250e-01   3.6863369e-01
   1.8871250e-01   3.6710887e-01
   1.8871250e-01   3.6577806e-01
   1.8871250e-01   3.6461749e-01
   1.8871250e-01   3.6360605e-01
   1.8871250e-01   3.6272512e-01
   1.8871250e-01   3.6195825e-01
   1.8871250e-01   3.6129100e-01
   1.8871250e-01   3.6071066e-01
   1.8871250e-01   3.6020610e-01
   1.8871250e-01   3.5976757e-01
   1.8871250e-01   3.5938653e-01
   1.8871250e-01   3.5905554e-01
   1.8871250e-01   3.5876808e-01
   1.8871250e-01   3.5851849e-01
   1.8871250e-01   3.5830180e-01
   1.8871250e-01   3.5811372e-01
   1.8871250e-01   3.5795049e-01
   1.8871250e-01   3.5780884e-01
  -1.4948136e-01   3.5768594e-01
  -1.4948136e-01   3.5757931e-01
  -1.4948136e-01   3.5748681e-01
  -1.4948136e-01   3.4929936e-01
  -1.4948136e-01   3.2831540e-01
  -1.4948136e-01   2.9832330e-01
  -1.4948136e-01   2.6200692e-01
  -1.4948136e-01   2.2140880e-01
  -1.4948136e-01   1.7815890e-01
  -1.4948136e-01   1.3358854e-01
  -1.4948136e-01   8.8788484e-02
  -1.4948136e-01   4.4641291e-02
  -1.4948136e-01   1.8431207e-03
  -1.4948136e-01  -3.9077517e-02
  -1.4948136e-01  -7.7741065e-02
  -1.4948136e-01  -1.1389747e-01
  -1.4948136e-01  -1.4740629e-01
  -1.4948136e-01  -1.7821719e-01
  -1.4948136e-01  -2.0635138e-01
  -1.4948136e-01  -2.3188478e-01
  -1.4948136e-01  -2.5493324e-01
  -1.4948136e-01  -2.7563992e-01
  -1.4948136e-01  -2.9416489e-01
  -1.4948136e-01  -3.1067682e-01
  -1.4948136e-01  -3.2534647e-01
  -1.4948136e-01  -3.3834193e-01
  -1.4948136e-01  -3.4982505e-01
  -1.4948136e-01  -3.5994913e-01
  -1.4948136e-01  -3.6885738e-01
  -1.4948136e-01  -3.7668216e-01
  -1.4948136e-01  -3.8354470e-01
  -1.4948136e-01  -3.8955517e-01
  -1.4948136e-01  -3.9481307e-01
  -1.4948136e-01  -3.9940778e-01
  -1.4948136e-01  -4.0341921e-01
  -1.4948136e-01  -4.0691854e-01
  -1.4948136e-01  -4.0996893e-01
  -1.4948136e-01  -4.1262628e-01
  -1.4948136e-01  -4.1493991e-01
  -1.4948136e-01  -4.1695329e-01
  -1.4948136e-01  -4.1870460e-01
  -1.4948136e-01  -4.2022737e-01
  -1.4948136e-01  -4.2155097e-01
  -1.4948136e-01  -4.2270109e-01
  -1.4948136e-01  -4.2370021e-01
  -1.4948136e-01  -4.2456794e-01
  -1.4948136e-01  -4.2532140e-01
  -1.4948136e-01  -4.2597552e-01
  -1.4948136e-01  -4.2654330e-01
  -1.4948136e-01  -4.2703608e-01
  -6.7703051e-01  -4.2746369e-01
  -6.7703051e-01  -4.2783472e-01
  -6.7703051e-01  -4.2815661e-01
  -6.7703051e-01  -4.4219492e-01
  -6.7703051e-01  -4.7775019e-01
  -6.7703051e-01  -5.2805666e-01
  -6.7703051e-01  -5.8826957e-01
  -6.7703051e-01  -6.5474576e-01
  -6.7703051e-01  -7.2466271e-01
  -6.7703051e-01  -7.9580758e-01
  -6.7703051e-01  -8.6645178e-01
  -6.7703051e-01  -9.3526808e-01
  -6.7703051e-01  -1.0012684e+00
  -6.7703051e-01  -1.0637515e+00
  -6.7703051e-01  -1.1222571e+00
  -6.7703051e-01  -1.1765226e+00
  -6.7703051e-01  -1.2264449e+00
  -6.7703051e-01  -1.2720453e+00
  -6.7703051e-01  -1.3134392e+00
  -6.7703051e-01  -1.3508101e+00
  -6.7703051e-01  -1.3843875e+00
  -6.7703051e-01  -1.4144297e+00
  -6.7703051e-01  -1.4412092e+00
  -6.7703051e-01  -1.4650028e+00
  -6.7703051e-01  -1.4860824e+00
  -6.7703051e-01  -1.5047104e+00
  -6.7703051e-01  -1.5211352e+00
  -6.7703051e-01  -1.5355887e+00
  -6.7703051e-01  -1.5482856e+00
  -6.7703051e-01  -1.5594221e+00
  -6.7703051e-01  -1.5691769e+00
  -6.7703051e-01  -1.5777111e+00
  -6.7703051e-01  -1.5851696e+00
  -6.7703051e-01  -1.5916820e+00
  -6.7703051e-01  -1.5973635e+00
  -6.7703051e-01  -1.6023165e+00
  -6.7703051e-01  -1.6066318e+00
  -6.7703051e-01  -1.6103892e+00
  -6.7703051e-01  -1.6136593e+00
  -6.7703051e-01  -1.6165040e+00
  -6.7703051e-01  -1.6189776e+00
  -6.7703051e-01  -1.6211279e+00
  -6.7703051e-01  -1.6229964e+00
  -6.7703051e-01  -1.6246198e+00
  -6.7703051e-01  -1.6260297e+00
  -6.7703051e-01  -1.6272541e+00
  -6.7703051e-01  -1.6283170e+00
  -6.7703051e-01  -1.6292397e+00
  -6.7703051e-01  -1.6300406e+00
  -6.7703051e-01  -1.6307356e+00
